10.996342, -0.000559
10.602875, 0.002427
11.037759, 0.003137
10.920409, -0.002217
10.837575, -0.005061
10.720225, -0.003023
10.747835, -0.001855
11.017051, -0.001372
10.727127, -0.000380
10.837575, -0.000018
10.809963, -0.000462
10.996341, 0.002500
10.885895, 0.003334
10.768545, 0.003659
10.899700, 0.002645
11.175817, -0.000618
10.775448, -0.002027
10.996341, -0.002734
11.079176, -0.003357
10.754740, -0.003783
10.885895, -0.005759
10.948021, -0.005106
10.658098, -0.007327
10.982535, -0.006478
10.878992, -0.007186
10.685711, -0.011694
10.789253, -0.013285
10.464817, -0.010198
10.485525, -0.008330
10.368176, -0.009361
10.803061, -0.010169
10.485525, -0.012381
10.402690, -0.010634
10.292244, -0.011385
10.209409, -0.008399
10.651196, -0.002585
10.444108, -0.004326
10.582167, -0.002836
10.333662, -0.002619
10.754740, 0.000165
10.478622, 0.000078
10.520041, 0.002546
10.665002, 0.002300
10.561458, 0.004161
10.671904, 0.005401
10.595973, 0.002460
10.768545, 0.004095
10.699516, 0.004062
10.312953, 0.005272
10.665001, 0.008390
10.513137, 0.008298
10.589069, 0.010489
10.671905, 0.011991
10.796157, 0.012132
10.934216, 0.012945
10.526943, 0.011570
10.699516, 0.016309
10.872088, 0.015903
10.885895, 0.014729
10.885895, 0.013136
10.830671, 0.013621
10.761642, 0.016371
10.740932, 0.016876
10.720225, 0.016620
10.720224, 0.017542
11.003244, 0.016881
10.747837, 0.015945
10.872089, 0.016978
10.699515, 0.016653
10.865187, 0.016931
10.844478, 0.013167
10.816866, 0.008628
10.941118, 0.004699
10.478622, -0.005013
10.865186, -0.003860
10.354370, -0.005935
10.506235, -0.005492
10.326758, -0.007081
10.395787, -0.004957
10.361274, -0.006914
10.306050, -0.007907
10.430302, -0.009316
10.444109, -0.007402
10.582167, -0.012438
10.361274, -0.011976
10.216312, -0.011874
10.768545, -0.010792
10.520041, -0.012638
10.368176, -0.012471
10.595972, -0.013047
10.464817, -0.014081
10.713322, -0.013392
10.430302, -0.013660
10.250827, -0.013334
10.989438, -0.015564
10.589069, -0.017883
10.395788, -0.017227
10.243923, -0.015889
10.658098, -0.011772
10.485525, -0.012615
10.644293, -0.015221
10.271536, -0.015723
10.540749, -0.015395
10.492429, -0.010778
10.312953, -0.008110
10.430303, -0.007135
10.609778, -0.004883
10.568361, -0.004403
10.444108, -0.001797
10.381982, -0.001386
10.347467, -0.000028
10.630486, 0.001259
10.485526, 0.002831
10.520041, 0.004520
10.451011, 0.003365
10.644293, 0.005409
10.430303, 0.005321
10.471720, 0.007601
10.485526, 0.011570
10.492429, 0.010364
10.409594, 0.013080
10.085157, 0.014586
10.575264, 0.013877
10.609778, 0.016715
10.437205, 0.014576
10.340565, 0.016812
10.706419, 0.019503
10.354370, 0.020429
10.692614, 0.020877
10.471720, 0.018482
11.182720, 0.020294
10.692614, 0.016626
10.954924, 0.017736
10.644293, 0.016399
10.761642, 0.017497
10.685710, 0.015358
10.823769, 0.014047
11.065371, 0.015759
11.010147, 0.013321
10.651196, 0.011138
11.189623, 0.011365
10.775448, 0.004222
10.803060, -0.000200
10.782351, -0.005789
10.630487, -0.005042
10.485526, -0.003945
10.602875, -0.004342
10.499331, -0.003227
10.430303, -0.005691
10.388885, -0.006611
10.658098, -0.004799
10.568360, -0.010065
10.644293, -0.012338
10.658099, -0.012534
10.671905, -0.012596
10.602875, -0.017448
10.444107, -0.015708
10.554554, -0.015567
10.782351, -0.014718
10.202506, -0.017233
10.230118, -0.015049
10.119671, -0.021410
10.388885, -0.013131
10.264633, -0.012763
10.333662, -0.011014
10.354370, -0.012095
10.119671, -0.012024
10.575264, -0.016171
10.609778, -0.016813
10.306050, -0.020077
12.618526, -0.021346
10.340565, -0.012170
10.285341, -0.009180
10.278439, -0.006857
10.326758, -0.004311
10.471721, -0.004658
10.375079, -0.000623
10.602876, -0.001847
10.375079, -0.001429
10.720225, 0.001023
10.492429, 0.001886
10.526942, 0.002932
10.582167, 0.005466
10.540749, 0.006137
10.547652, 0.006246
10.547651, 0.007091
10.899700, 0.008192
10.727127, 0.008861
10.844477, 0.008929
10.830671, 0.011281
10.685710, 0.011895
10.851379, 0.014380
10.678807, 0.014032
11.003244, 0.014543
10.761642, 0.014727
10.637390, 0.014817
10.478622, 0.015636
10.809962, 0.017332
10.181797, 0.019035
10.575264, 0.017815
10.789254, 0.020368
10.616681, 0.020639
10.747836, 0.020297
10.375079, 0.017721
10.554555, 0.019376
10.388885, 0.021013
10.858283, 0.018245
10.809963, 0.014374
10.975632, 0.011364
10.437205, 0.003484
10.775448, -0.000849
10.927313, 0.000569
10.444108, -0.001917
10.375079, -0.002388
10.637390, -0.003669
10.692614, -0.001651
10.402691, -0.006368
10.499331, -0.003767
10.575263, -0.003730
10.533846, -0.002347
10.444109, -0.005386
10.630486, -0.007844
10.575263, -0.009352
10.464817, -0.014095
10.471720, -0.017189
10.430302, -0.016038
10.133477, -0.015291
10.568361, -0.018647
10.554555, -0.018010
10.499331, -0.018904
10.423399, -0.021873
10.782351, -0.027308
10.444108, -0.028901
10.457913, -0.026342
10.430302, -0.024613
10.561457, -0.027692
10.423399, -0.027602
10.174894, -0.028577
10.513138, -0.028085
10.506234, -0.028068
10.174894, -0.025336
10.582167, -0.027294
10.375079, -0.031472
10.278439, -0.029051
10.340565, -0.027177
10.506234, -0.025045
10.161089, -0.022756
12.825614, -0.023027
10.375079, -0.010610
10.181798, -0.008945
10.381982, -0.003233
10.492429, -0.000201
10.471720, 0.004177
10.540750, 0.013055
10.471720, 0.019890
10.858283, 0.029152
10.865186, 0.034475
10.602876, 0.037418
10.885895, 0.039651
11.175817, 0.042050
10.803060, 0.041393
10.713322, 0.041739
10.437205, 0.044487
10.982534, 0.053915
10.547651, 0.049174
11.286263, 0.050254
11.120594, 0.055264
10.437205, 0.057595
11.376001, 0.063832
10.816866, 0.066218
10.961826, 0.062523
10.713322, 0.054754
10.761642, 0.048408
10.492429, 0.034344
11.127497, 0.016084
11.845399, -0.007918
12.100807, -0.018725
11.438128, -0.021061
11.734954, -0.032549
11.817789, -0.028466
11.652119, -0.024115
11.859205, -0.026132
12.397633, -0.023100
12.376925, -0.034767
12.307895, -0.035442
10.209410, -0.035946
10.209410, -0.040251
10.430303, -0.044642
10.264632, -0.044057
10.623584, -0.045496
10.789254, -0.047792
12.142224, -0.065269
10.064447, -0.065037
10.050642, -0.060808
12.432148, -0.066671
10.306050, -0.050620
10.092060, -0.047113
10.154186, -0.038782
10.513138, -0.029633
10.727128, -0.019751
10.520040, -0.013329
10.899700, -0.006988
10.768545, -0.003873
11.058468, 0.000752
10.858283, 0.005607
10.685710, 0.012593
11.293166, 0.022410
11.327682, 0.030876
11.072273, 0.031497
11.086080, 0.037186
11.286264, 0.043782
11.431225, 0.044110
11.092982, 0.044324
11.134399, 0.046980
11.306972, 0.050619
11.258652, 0.052290
10.851380, 0.054618
11.286263, 0.057232
11.548574, 0.055340
10.927312, 0.053666
10.968729, 0.058089
10.927312, 0.064340
11.265554, 0.068370
11.210331, 0.064728
11.148206, 0.057486
10.540749, 0.042038
10.112768, 0.017593
10.119671, -0.004619
12.087001, -0.024441
12.149128, -0.022036
12.121515, -0.024268
12.314797, -0.026323
12.439051, -0.027046
10.237020, -0.023522
10.119671, -0.028155
10.257729, -0.034127
10.451011, -0.036925
10.630487, -0.040686
10.678806, -0.042220
10.547651, -0.043733
10.354370, -0.047907
10.692613, -0.051799
10.651196, -0.049828
10.451011, -0.048529
10.395787, -0.049931
10.457914, -0.055724
10.312953, -0.054878
10.520041, -0.055486
10.326758, -0.053528
10.161089, -0.044598
10.623584, -0.035511
10.582167, -0.027650
10.602876, -0.022140
10.699515, -0.016346
10.451012, -0.008232
10.968730, -0.000223
10.595972, 0.006416
11.058467, 0.011749
10.830672, 0.012545
11.058468, 0.013807
10.954924, 0.015135
11.086080, 0.020826
11.120594, 0.023900
11.327681, 0.025299
11.224137, 0.029190
10.996342, 0.030955
11.596895, 0.032509
11.141303, 0.032743
11.224137, 0.033523
10.837574, 0.032879
10.872088, 0.036364
11.141302, 0.042903
10.844477, 0.039811
11.403613, 0.042630
11.010147, 0.045122
11.017050, 0.045088
10.858283, 0.045157
10.858283, 0.046512
10.968729, 0.043763
10.844477, 0.042438
10.734031, 0.042297
10.678806, 0.042470
11.023952, 0.043400
10.885896, 0.041853
10.747836, 0.037199
11.258652, 0.032975
10.699516, 0.017011
10.319856, -0.003145
12.639235, -0.023141
10.195603, -0.019141
10.161089, -0.020607
10.216312, -0.020755
10.299147, -0.024176
10.257730, -0.026028
10.230118, -0.029803
10.230118, -0.032650
10.299147, -0.036078
12.535691, -0.054623
10.209409, -0.050036
10.381982, -0.049327
10.043739, -0.049008
10.375078, -0.051074
10.043739, -0.055247
10.202506, -0.059699
10.209410, -0.058993
10.492429, -0.059314
10.202506, -0.059268
10.237020, -0.056906
10.188701, -0.052756
10.029934, -0.047216
10.216312, -0.033690
10.016128, -0.025354
10.457914, -0.016502
10.554554, -0.010228
10.016128, -0.006672
10.589069, 0.003483
10.616681, 0.008663
10.409594, 0.017521
10.858283, 0.022159
11.092982, 0.026914
10.747836, 0.029932
10.961826, 0.031413
10.996341, 0.028328
11.210332, 0.030765
10.837574, 0.032970
10.968729, 0.039433
10.727128, 0.042852
10.727128, 0.047265
11.300070, 0.050653
11.037760, 0.050203
11.106789, 0.052452
10.816866, 0.052789
10.713322, 0.059289
10.782351, 0.066264
11.065371, 0.064983
11.396709, 0.065057
11.058468, 0.060538
11.051565, 0.055085
11.293167, 0.040560
10.285341, 0.018935
10.126575, -0.005191
12.045584, -0.022327
12.059389, -0.025012
12.225060, -0.024232
12.162933, -0.023940
12.142225, -0.020625
12.487370, -0.026790
12.211254, -0.032535
12.252672, -0.040519
11.997264, -0.045400
10.105865, -0.036828
10.161089, -0.035385
10.147284, -0.036168
12.445952, -0.054671
10.243923, -0.047855
10.140381, -0.049216
10.375079, -0.054907
10.319856, -0.054930
10.264632, -0.056654
12.445953, -0.070950
12.542595, -0.072071
10.195603, -0.047624
10.540749, -0.038190
10.237020, -0.029963
10.533845, -0.020277
10.312952, -0.011848
10.167992, -0.005188
10.416496, 0.010109
10.409594, 0.015165
11.272458, 0.018130
10.844477, 0.018031
10.858283, 0.020816
10.927313, 0.022097
11.065370, 0.030008
10.796157, 0.035346
11.072273, 0.039749
11.293165, 0.041547
11.051565, 0.042863
10.513137, 0.041933
10.885895, 0.046588
10.885895, 0.053917
11.189623, 0.054280
11.162010, 0.042314
11.051565, 0.057758
11.562380, 0.061454
10.740933, 0.059282
11.424322, 0.056051
10.906604, 0.049175
11.189623, 0.045025
10.568359, 0.027769
10.423399, 0.008193
10.561458, -0.001959
10.540749, -0.006294
10.167992, -0.005164
10.064448, -0.008066
10.319856, -0.007521
10.002322, -0.007585
10.043739, -0.006418
12.397633, -0.012209
12.183642, -0.014985
10.306050, -0.015960
10.147283, -0.017364
10.043739, -0.017072
10.292244, -0.019875
10.395788, -0.019492
10.423399, -0.015570
10.057545, -0.020370
10.506234, -0.021742
10.167992, -0.022641
10.064447, -0.019487
10.499331, -0.011065
10.444108, -0.006954
10.796156, -0.004596
10.775448, -0.005350
10.637390, -0.001576
11.051564, 0.001617
10.699516, 0.001657
10.948021, 0.006031
10.982535, 0.009328
10.968730, 0.008714
11.355293, 0.011268
10.789254, 0.010010
11.320779, 0.012244
10.948021, 0.012438
11.162011, 0.018055
11.065371, 0.019017
11.023952, 0.019724
11.092982, 0.019382
10.982535, 0.019020
10.630487, 0.016122
11.023953, 0.016721
11.030857, 0.017764
10.637390, 0.018947
10.830671, 0.020348
11.037759, 0.020513
10.533846, 0.017914
10.948021, 0.019953
10.954925, 0.018652
11.175817, 0.020410
10.692614, 0.019969
10.920408, 0.020776
11.231041, 0.021177
10.747836, 0.021830
10.699515, 0.022568
11.155107, 0.025452
11.010147, 0.024041
10.713322, 0.023504
10.699516, 0.023299
11.155108, 0.023855
10.948021, 0.022738
10.665002, 0.023809
10.589069, 0.022822
11.086080, 0.024302
10.354370, 0.022961
10.292244, 0.020505
10.050642, 0.017797
10.623584, 0.018689
10.230118, 0.017789
10.381982, 0.018975
10.678807, 0.023368
10.230118, 0.027002
10.216311, 0.023670
10.009225, 0.023738
10.444108, 0.021977
10.575264, 0.021515
10.561458, 0.021895
10.561457, 0.022828
10.554555, 0.022084
10.575264, 0.021596
10.809963, 0.022558
10.692614, 0.021115
10.513138, 0.022893
10.761642, 0.022985
10.885895, 0.023364
10.368176, 0.022303
10.809962, 0.023657
11.010147, 0.024006
10.589069, 0.021518
10.665001, 0.023698
10.706419, 0.024902
10.948021, 0.024593
10.644293, 0.024262
10.526943, 0.023376
10.816866, 0.021807
10.671906, 0.020304
10.665002, 0.018289
10.623584, 0.018754
10.927312, 0.019790
10.278439, 0.019817
10.368176, 0.024007
10.809963, 0.036531
10.927313, 0.026070
10.630487, 0.024828
11.003244, 0.023913
10.727128, 0.023196
10.575264, 0.022418
10.823769, 0.022943
10.934216, 0.020911
10.706419, 0.020377
10.609777, 0.021842
10.796157, 0.022509
10.713322, 0.022931
10.609777, 0.023821
10.533846, 0.023501
10.906603, 0.023204
10.885895, 0.021659
10.754740, 0.021159
10.533846, 0.019698
10.747837, 0.020312
10.720225, 0.020330
10.499331, 0.019900
10.554555, 0.021314
10.568360, 0.024975
10.789253, 0.023962
10.547652, 0.026761
10.975632, 0.028332
10.540749, 0.026314
10.809963, 0.026263
10.595972, 0.022673
10.837574, 0.020907
10.858284, 0.018321
10.644293, 0.017313
10.526943, 0.015904
10.478622, 0.015768
10.775449, 0.016404
10.658098, 0.012971
10.651196, 0.013144
10.312953, 0.009970
10.513137, 0.010724
10.651196, 0.008617
10.257730, 0.007967
10.734031, 0.004309
10.589069, 0.001731
10.671905, 0.002299
10.326759, 0.003308
10.706419, 0.004144
10.306049, 0.004086
10.526943, 0.005743
10.520041, 0.006483
10.278439, 0.005325
10.506235, 0.007390
10.368176, 0.005251
10.319857, 0.004694
10.409594, 0.004702
10.464817, 0.003411
10.478622, 0.001637
10.312953, -0.001219
10.423399, -0.001136
10.685710, -0.001104
10.582167, -0.000078
10.451012, 0.000079
10.464817, 0.000736
10.471720, 0.001183
10.734031, 0.001571
10.582167, 0.000235
10.464817, -0.000437
10.623585, -0.000436
10.575263, 0.000102
10.451012, -0.000172
10.692613, 0.000592
10.561459, 0.000575
10.616681, 0.000809
10.623584, 0.000578
10.333662, 0.000691
10.747837, 0.002085
10.761642, 0.001164
10.478622, -0.002810
10.602875, -0.001280
10.761642, 0.000218
10.520041, 0.000915
10.520041, 0.001329
10.589069, 0.001648
10.809961, -0.000281
10.706419, -0.000302
10.644293, -0.000393
10.354370, -0.000329
10.734030, -0.000666
10.616681, -0.000190
10.513137, -0.000066
10.644293, -0.001346
10.554555, -0.000537
10.430303, -0.002270
10.506234, -0.000929
10.471720, -0.000475
10.533846, -0.001193
10.513138, 0.001087
10.568360, -0.000229
10.340565, -0.000269
10.816865, -0.000381
10.575264, -0.000438
10.637390, 0.000039
10.368176, 0.000503
10.740933, 0.001510
10.402691, 0.001817
10.533846, 0.001146
10.533846, 0.000834
10.768545, -0.000009
10.540749, -0.000599
10.388885, 0.000703
10.595972, 0.003838
10.533846, 0.001775
10.513137, 0.002861
10.692614, 0.003294
10.423399, 0.000394
10.775448, -0.001451
10.602876, -0.001388
10.492429, -0.002571
10.602875, -0.001476
10.575264, -0.000125
10.699516, -0.000080
10.451012, -0.000908
10.692613, 0.002508
10.699516, 0.001315
10.692613, -0.000604
10.568361, -0.001535
10.754739, -0.001441
10.720225, -0.002130
10.402690, -0.000461
10.796157, -0.000154
10.402691, -0.003083
10.809963, -0.003066
10.575264, -0.001487
10.595972, -0.002008
10.437205, -0.000253
10.678807, -0.001522
10.299147, 0.001038
10.402691, 0.002356
10.492428, 0.002363
10.361273, -0.003493
10.292244, -0.006707
12.397633, -0.008902
12.211254, -0.004448
12.080099, -0.003228
10.257730, 0.004745
12.439051, 0.007655
10.271536, 0.008204
10.547652, 0.007792
10.333661, 0.006146
10.637390, 0.003892
10.409594, 0.004935
10.630487, 0.003518
10.409594, 0.001080
10.816866, -0.002104
10.720224, -0.003507
10.651196, -0.003967
10.630486, -0.002495
10.865186, -0.001074
10.637389, -0.000824
10.803061, -0.000504
10.533846, -0.000100
10.561458, 0.000359
10.830671, 0.002606
10.885894, 0.001522
10.809963, -0.000700
10.630487, -0.000718
10.961826, -0.000457
10.685710, -0.003065
10.975632, -0.001598
10.616682, -0.002535
10.927312, -0.003117
10.595972, -0.003796
10.671904, -0.004862
10.678807, -0.003294
10.637390, -0.002066
10.595972, 0.000438
10.540749, 0.002851
10.602875, 0.004195
10.865187, 0.003652
10.630487, 0.002582
10.809963, 0.003050
10.740932, 0.003959
10.816865, 0.002070
10.851381, 0.002045
10.671905, -0.000215
11.072273, -0.000210
10.713322, -0.004036
10.734030, -0.002131
10.740933, -0.002566
10.692614, -0.000523
10.699516, -0.000941
10.506235, 0.000450
10.174894, 0.002631
10.057545, 0.004419
12.231963, -0.002556
10.023031, 0.003864
11.652119, 0.000841
12.287186, -0.005031
10.016128, -0.002234
12.314797, 0.000325
12.487371, 0.001335
10.147284, -0.000552
10.388885, -0.000097
10.237020, -0.000302
10.533846, 0.001689
10.140380, -0.000057
10.451011, 0.001456
10.547651, -0.000435
10.457914, -0.000941
10.754740, 0.000873
10.782351, -0.000384
10.513137, 0.000769
10.768545, 0.003696
10.692614, 0.002555
10.920409, 0.001934
10.823769, 0.001801
10.112768, -0.003647
10.485525, -0.002173
10.368176, -0.003429
10.064448, -0.009539
10.319856, -0.003863
10.057545, -0.001441
10.361273, -0.001322
10.368176, 0.001870
10.506234, 0.003332
10.526943, 0.002600
10.878992, 0.004637
10.630487, 0.003865
10.637390, 0.004224
10.665001, 0.003128
11.058468, 0.002468
10.513138, 0.001965
10.692614, 0.001235
11.155107, 0.001086
10.865186, -0.000080
10.609777, -0.002285
10.913506, -0.001100
10.306049, 0.000448
10.602875, -0.000050
12.121516, -0.011660
10.188701, -0.006867
12.597817, -0.012087
10.271536, -0.006032
10.209409, -0.004477
10.133477, 0.000976
10.361273, 0.003934
10.402691, 0.002181
10.589069, 0.003744
10.471720, 0.003212
10.513138, 0.005851
10.761642, 0.008152
10.575264, 0.005647
10.775449, 0.003410
10.782351, 0.004902
10.837574, 0.004744
11.017050, 0.005122
11.237944, 0.000357
11.141303, -0.008396
11.072273, -0.013297
10.644293, -0.020370
10.478623, -0.027137
10.444109, -0.036192
10.651196, -0.039671
10.554555, -0.038740
10.388885, -0.039277
10.471720, -0.039269
10.540750, -0.041679
10.457913, -0.038997
10.264633, -0.042327
10.540749, -0.047041
10.492428, -0.052172
10.430303, -0.055676
10.464817, -0.053714
10.561459, -0.055455
10.133477, -0.056711
12.300992, -0.077085
10.271536, -0.060344
10.126575, -0.056947
11.831594, -0.067197
10.333662, -0.057870
10.326758, -0.058109
10.506234, -0.059023
10.202506, -0.062129
10.299147, -0.060620
10.140381, -0.063084
10.195602, -0.062238
10.057545, -0.066971
10.133476, -0.069759
10.285340, -0.064651
10.402691, -0.063084
10.009225, -0.063696
10.375079, -0.066132
10.437205, -0.068596
10.368176, -0.066646
12.556400, -0.083311
10.161089, -0.067845
10.292244, -0.066066
12.487370, -0.083239
10.209410, -0.070300
10.720225, -0.069134
10.326759, -0.068690
10.306049, -0.072237
10.347467, -0.069907
10.803060, -0.073333
10.423399, -0.073275
10.167992, -0.070942
10.188701, -0.075629
10.230118, -0.069461
10.098963, -0.068255
10.430303, -0.072526
10.644293, -0.070741
10.444108, -0.071479
10.602875, -0.071558
12.570206, -0.088077
10.775448, -0.075350
10.616681, -0.074800
10.257730, -0.072213
10.319856, -0.071734
10.147283, -0.071544
10.499331, -0.069679
10.326758, -0.068077
10.423399, -0.070795
10.513138, -0.070556
12.494273, -0.082943
10.423399, -0.066984
10.623585, -0.062695
10.568361, -0.054437
10.761642, -0.047415
10.878992, -0.041051
10.906604, -0.036038
11.127496, -0.028535
11.237943, -0.025446
11.148206, -0.022174
11.175817, -0.017252
10.830671, -0.016974
11.576185, -0.019173
10.920409, -0.019371
11.196526, -0.017850
10.520041, -0.026809
10.147283, -0.035645
10.375079, -0.034951
10.140380, -0.018380
10.312953, 0.000254
10.133477, 0.003048
10.340565, 0.001405
10.457914, 0.006635
10.768545, 0.006448
10.761642, 0.007578
10.809962, 0.003614
11.099885, 0.001416
10.961826, -0.000030
10.706418, -0.007714
10.754739, -0.005971
11.182719, -0.003688
10.858282, -0.006300
10.872088, -0.003045
11.023952, -0.001674
10.899701, 0.001158
10.237020, 0.010998
10.471720, 0.026674
10.257730, 0.040426
10.085156, 0.050848
10.230118, 0.059099
10.381983, 0.063007
10.589069, 0.069028
10.278439, 0.073758
10.423399, 0.076781
10.381983, 0.081946
10.492429, 0.084850
11.589993, 0.088914
10.423399, 0.097879
10.540749, 0.099008
10.243923, 0.099012
10.161089, 0.101762
10.216312, 0.101456
10.085157, 0.106048
10.140380, 0.107587
11.369099, 0.140274
10.257730, 0.114242
12.266478, 0.144250
12.197448, 0.144419
11.893719, 0.145149
10.292244, 0.114936
10.927312, 0.111721
10.520040, 0.103355
11.168914, 0.093047
11.624506, 0.087087
10.202505, 0.067168
10.257730, 0.050107
11.562380, 0.023585
10.789254, 0.014610
10.982535, 0.011376
11.734953, 0.013046
11.217235, 0.013245
11.486447, 0.030139
11.914429, 0.037179
11.113690, 0.026832
10.782351, -0.004354
10.637390, -0.023082
10.678807, -0.005469
10.920408, 0.012364
11.438128, 0.019622
12.080098, 0.022796
12.273380, 0.026986
10.181798, 0.017918
10.782351, 0.015814
10.961826, 0.015091
10.796156, 0.015416
11.065371, 0.010064
11.610701, 0.006403
11.527866, 0.005943
11.935138, 0.006036
12.024876, 0.004746
11.907526, -0.003449
11.555477, -0.013376
11.348390, -0.023072
11.403612, -0.033616
11.403613, -0.043585
11.286264, -0.049244
11.106788, -0.056316
11.155108, -0.065068
10.844477, -0.071820
11.092983, -0.073782
10.809962, -0.077743
10.996341, -0.085120
11.092982, -0.088274
10.582167, -0.087891
10.306050, -0.094471
10.554555, -0.102535
10.630487, -0.106272
10.340565, -0.108622
12.404535, -0.137825
12.383826, -0.145285
11.431225, -0.148121
11.700439, -0.149593
10.002321, -0.119534
12.287187, -0.142961
11.838497, -0.136501
11.451933, -0.136258
12.680653, -0.126938
10.230118, -0.085645
10.609778, -0.073763
10.671905, -0.059963
10.678808, -0.048950
10.237020, -0.038521
11.376002, -0.029232
10.699516, -0.021452
11.168914, -0.016644
11.306973, -0.012647
11.341487, -0.010046
11.396709, -0.017588
10.851380, -0.025464
10.768545, -0.037544
10.692613, -0.049235
10.002322, -0.043426
10.085157, -0.022772
12.556399, -0.009476
12.273380, -0.016366
10.533846, -0.004813
10.713322, 0.000251
11.127497, 0.002396
11.044662, -0.000079
11.168914, 0.000779
11.493351, -0.000192
11.817787, -0.001760
11.527865, -0.002782
11.866108, -0.003655
12.100807, -0.006861
12.031778, -0.009777
11.741856, -0.008960
11.783274, -0.012301
12.218157, -0.007187
11.797079, -0.002861
11.983458, 0.000700
11.900623, -0.000776
11.797079, 0.000255
11.955846, -0.002918
11.879914, -0.002115
11.935138, -0.004740
11.997264, -0.003799
11.755662, -0.002932
11.859205, -0.003272
11.948944, -0.001751
11.728050, -0.001343
11.555477, 0.003169
11.507156, 0.008765
10.533846, 0.018415
11.196526, 0.033472
11.306973, 0.041675
11.589992, 0.045869
11.251749, 0.051651
11.817788, 0.050363
11.569283, 0.048702
11.783274, 0.048013
11.265554, 0.045814
11.237944, 0.050371
11.189623, 0.055117
11.396710, 0.054569
10.982534, 0.055804
11.493351, 0.061560
10.872088, 0.058955
11.141302, 0.062309
11.030855, 0.061760
11.369099, 0.062117
10.927312, 0.065589
11.334584, 0.068114
10.982535, 0.063631
11.086079, 0.062673
11.162011, 0.055258
11.120594, 0.050482
11.168915, 0.046212
11.003244, 0.028591
10.796157, 0.018646
10.237020, 0.010682
10.340565, 0.010808
10.299147, 0.009628
10.637389, 0.008830
10.430303, 0.006105
10.430303, 0.007579
10.609778, 0.006692
10.595972, 0.006403
10.540750, 0.007021
10.740933, 0.005702
10.713322, 0.007895
10.665001, 0.010150
10.602875, 0.010847
10.437205, 0.017544
10.706419, 0.025501
10.451011, 0.028650
10.782351, 0.030533
10.837574, 0.032822
10.644293, 0.036097
10.761642, 0.041108
10.775448, 0.044415
10.499331, 0.047737
10.789254, 0.050729
10.885895, 0.052620
10.968730, 0.054702
10.858282, 0.054880
10.789254, 0.051505
12.577108, 0.065618
10.499331, 0.055056
10.561459, 0.058481
10.747836, 0.060551
10.499331, 0.058645
10.582167, 0.060234
10.561458, 0.064315
10.830671, 0.064819
10.851379, 0.064453
10.796156, 0.063380
10.982535, 0.058987
10.934216, 0.055473
10.658099, 0.046130
10.809963, 0.038736
10.809963, 0.028213
10.665001, 0.017903
10.347467, 0.009594
10.451011, 0.010090
10.437205, 0.011860
10.457914, 0.008753
10.478622, 0.008326
10.513138, 0.006872
10.326758, 0.007489
10.727127, 0.006863
10.278439, 0.009742
10.478622, 0.010187
10.692613, 0.011162
10.347467, 0.010933
10.761642, 0.013556
10.747836, 0.012313
10.637390, 0.009995
10.727127, 0.007510
10.513137, 0.006667
10.699515, 0.008006
10.782351, 0.004640
10.685711, 0.003867
12.342410, 0.007033
10.043739, 0.009864
10.029934, 0.008158
12.542594, 0.000135
11.679729, -0.002876
12.066294, -0.001774
12.176739, 0.002370
12.169837, -0.000092
12.459759, 0.003065
10.209409, 0.000468
10.105865, 0.000189
10.368176, 0.000140
10.147283, 0.000447
10.133477, 0.001668
10.347466, 0.000140
10.582167, -0.000361
10.740933, -0.000944
10.437205, -0.002416
10.181797, -0.005619
10.665002, -0.001274
10.651196, -0.000534
10.561458, 0.000208
10.630487, -0.000213
10.727128, 0.000090
10.713322, 0.000764
10.954924, 0.000321
10.713322, 0.001278
10.658098, 0.003062
11.072273, 0.004280
10.796157, 0.003053
11.030855, 0.002514
10.754740, 0.003514
10.982535, 0.004397
11.010147, 0.002859
10.768545, 0.001335
11.113691, 0.000292
10.823769, -0.000421
10.885895, -0.001878
10.941117, -0.002321
10.823769, 0.000019
11.051565, -0.000176
10.892797, -0.002964
10.637390, -0.002746
10.865186, -0.002931
10.913507, -0.001206
10.630486, -0.001356
10.941118, 0.001103
10.671904, 0.001590
11.065371, 0.002062
10.457914, 0.000589
10.665002, 0.003068
10.823769, 0.002518
10.678807, 0.000616
10.747836, -0.001061
10.727127, -0.001932
10.789254, -0.002185
10.844478, -0.001175
10.478622, -0.000726
10.623585, 0.000497
10.658098, 0.000338
10.464817, -0.000925
10.492429, -0.004312
10.361273, -0.004497
10.409594, -0.004589
10.326758, -0.002319
10.520041, -0.002025
10.451011, -0.000594
10.423400, 0.000934
10.506235, 0.001756
10.354370, 0.006028
10.658098, 0.007363
10.478622, 0.007062
10.595973, 0.008340
10.768546, 0.006700
10.665002, 0.006561
10.451012, 0.005735
10.451012, 0.006228
10.492429, 0.004517
10.858282, 0.006569
10.085157, 0.003797
10.540749, 0.004277
10.306050, 0.005586
10.285341, 0.009200
10.437205, 0.009408
10.347467, 0.013787
10.471720, 0.014966
10.727127, 0.014556
10.630487, 0.014650
10.430303, 0.012666
10.451012, 0.013605
10.457914, 0.014018
10.119671, 0.010233
10.533846, 0.013445
10.223215, 0.016233
10.395787, 0.018278
10.858284, 0.017541
10.464817, 0.018276
10.526943, 0.017914
10.485526, 0.017297
10.740934, 0.016797
10.858282, 0.014072
10.885896, 0.011784
10.858283, 0.005754
10.734031, 0.002184
10.602875, 0.001633
10.589069, 0.009291
10.451011, 0.016090
10.858283, 0.017240
10.803059, 0.016894
10.630487, 0.015270
11.030855, 0.016887
10.809962, 0.016370
10.906603, 0.017263
10.333662, 0.014730
10.464817, 0.017084
10.830671, 0.014666
10.395788, 0.012808
10.651196, 0.010393
10.306049, 0.011108
10.568361, 0.012358
10.381982, 0.012142
10.271536, 0.015603
10.948021, 0.020403
10.747836, 0.019082
10.720225, 0.017214
10.589069, 0.013710
10.823769, 0.013747
10.740933, 0.013400
10.395787, 0.015265
10.568360, 0.015581
10.644293, 0.016265
10.678808, 0.015540
10.299147, 0.012732
10.513137, 0.017811
10.616681, 0.018598
10.547651, 0.014521
10.278439, 0.010373
10.202506, 0.013348
10.513137, 0.017196
11.072273, 0.016837
10.312953, 0.014624
10.375079, 0.016502
10.630487, 0.015882
10.713322, 0.016019
10.671904, 0.014335
10.892797, 0.014268
10.768545, 0.011880
10.623584, 0.011698
10.665002, 0.013971
10.264633, 0.015275
10.430303, 0.015708
10.589069, 0.016920
10.499331, 0.015530
10.651196, 0.014356
10.388885, 0.015411
10.409594, 0.015267
10.361273, 0.016302
10.216312, 0.017065
12.542594, 0.021010
10.264633, 0.011709
10.230118, 0.012326
10.237020, 0.013206
10.230118, 0.012728
10.202506, 0.011279
10.457913, 0.010492
10.513137, 0.009141
10.368176, 0.009313
10.195603, 0.012815
10.209409, 0.017363
12.432147, 0.020001
12.397633, 0.032811
10.154185, 0.014797
12.521885, 0.017671
10.105865, 0.013969
10.098962, 0.010881
10.064447, 0.009556
12.266478, 0.010639
10.209410, 0.014414
10.140379, 0.015536
10.119671, 0.016166
12.259575, 0.018094
10.085155, 0.016184
10.699516, 0.017984
10.727127, 0.016047
10.492428, 0.017553
10.375079, 0.019020
10.533846, 0.018941
10.216311, 0.015808
10.437205, 0.015362
10.520041, 0.013045
10.713322, 0.013111
11.092981, 0.013360
10.623584, 0.013372
10.754739, 0.012089
10.796157, 0.011463
10.844478, 0.010555
10.844477, 0.005987
10.961826, 0.004762
10.368176, 0.003117
10.375079, 0.006987
11.120593, 0.005835
10.616681, 0.005715
10.589069, 0.005684
10.878992, 0.002175
10.830671, 0.001033
10.485525, 0.001403
10.830671, 0.004651
10.934215, 0.002092
11.017050, 0.004150
10.720224, 0.002823
10.982535, 0.003498
10.837575, 0.002101
11.079176, 0.002839
11.044662, 0.002890
11.106789, 0.003537
10.858283, 0.003787
11.044662, 0.004334
11.017050, 0.003247
11.030855, 0.002426
11.203428, 0.002921
11.023952, 0.002158
10.706419, 0.002884
11.134399, 0.005355
10.982535, 0.005104
10.754740, 0.003998
11.134399, 0.004456
10.954925, 0.003796
11.037759, 0.003166
10.775448, 0.001863
10.872089, 0.001572
10.982535, 0.002156
10.975633, 0.002064
10.706419, 0.001106
10.961827, 0.002769
10.858283, 0.002364
10.837574, 0.000053
10.547652, -0.000142
10.782351, 0.002422
10.823769, 0.004278
10.782351, 0.002502
10.837574, 0.004652
10.796156, 0.002797
10.706419, 0.002571
10.844478, 0.002161
10.485526, 0.002585
10.589069, 0.002762
10.761642, 0.003381
10.678807, 0.001178
10.630487, -0.000196
10.457914, 0.001874
10.844478, 0.002531
10.858283, 0.002861
10.540750, 0.002157
10.589069, 0.001696
10.789253, 0.001439
10.651196, 0.001209
10.692614, -0.000261
10.326758, 0.001439
10.789253, 0.000857
10.547652, 0.001697
10.609777, 0.003321
10.464817, 0.002745
10.575264, 0.004846
10.595972, 0.001515
10.451012, 0.000993
10.437205, 0.003276
10.644293, 0.002207
10.520041, 0.002862
10.395788, 0.003101
10.609777, 0.003668
10.533846, 0.005861
10.823769, 0.002865
10.616681, 0.001479
10.540750, 0.001526
10.595972, 0.000545
10.430303, 0.000005
10.499331, 0.001581
10.457914, 0.001934
10.306049, 0.002122
10.727127, 0.001643
10.499331, 0.001787
10.492429, 0.001767
10.499331, 0.001736
10.520041, 0.001996
10.444109, 0.002793
10.637390, 0.003986
10.485526, 0.004933
10.602876, 0.002769
10.692614, 0.003146
10.388885, 0.004093
10.678807, 0.003662
10.609777, 0.004106
10.692614, 0.002518
10.513137, 0.003006
10.706419, 0.001892
10.561459, 0.000383
10.658098, 0.000194
10.451012, 0.000314
10.609777, 0.001352
10.506234, 0.001904
10.637389, 0.002091
10.561458, 0.001615
10.471720, 0.001475
10.354370, 0.000069
10.478622, 0.000276
10.561459, 0.000187
10.595972, 0.001111
10.319856, 0.002460
10.644293, 0.003529
10.264633, 0.004512
10.665001, 0.003784
10.595972, 0.003218
10.616682, 0.002117
10.506235, 0.003738
10.775448, 0.005137
10.609778, 0.004224
10.713322, 0.004483
10.561458, 0.004594
10.644293, 0.002807
10.602875, 0.001650
10.478622, 0.002148
10.499331, 0.002092
10.071351, 0.002427
10.589069, 0.002686
10.250827, 0.003379
10.547652, 0.002512
10.554555, 0.000537
10.375079, -0.000937
10.651196, 0.000863
10.685710, 0.000222
10.416496, 0.000590
10.457914, 0.002157
10.361273, 0.001142
10.478622, 0.003068
10.375079, 0.002008
10.492429, 0.001231
10.388885, 0.003165
10.582167, 0.003515
10.602875, 0.004527
10.478622, 0.005042
10.478622, 0.004061
10.409594, 0.003168
10.547652, 0.001971
10.582167, 0.001967
10.471720, 0.001762
10.582167, 0.001870
10.623584, 0.001285
10.471720, 0.002503
10.720224, 0.003203
10.354370, 0.002768
10.816866, 0.001357
10.575264, 0.001835
10.595972, -0.000223
10.678807, 0.000093
10.671905, 0.001276
10.520041, 0.001020
10.609778, 0.001197
10.430302, 0.001133
10.789254, 0.002316
10.678807, 0.001569
10.492429, 0.000160
10.789253, 0.002320
10.720224, 0.001182
10.520040, 0.001746
10.306050, 0.001590
10.699516, 0.002241
10.451011, 0.001580
10.651196, 0.003855
10.513138, 0.004365
10.747836, 0.004236
10.589069, 0.005193
10.582167, 0.004140
10.644293, 0.006178
10.637389, 0.004720
10.920408, 0.002383
10.734031, 0.001610
10.582167, -0.000295
10.885895, 0.000958
10.616681, 0.002163
10.554555, 0.002819
10.471720, 0.003996
10.520041, 0.002528
10.796157, 0.002479
10.430302, 0.003075
10.885895, 0.002837
10.720224, 0.002743
10.520041, 0.002551
10.499331, 0.004380
10.803060, 0.006493
10.623584, 0.002054
10.416496, -0.000496
10.582167, -0.001395
10.547651, 0.000470
10.623584, -0.000730
10.540749, -0.000073
10.451012, 0.001106
10.375080, 0.001358
10.623585, -0.000012
10.637390, -0.000072
10.630486, 0.001438
10.499331, 0.000997
10.602875, 0.001521
10.678807, 0.001834
10.423400, 0.001498
10.526943, 0.004107
10.844478, 0.002600
10.554555, 0.001425
10.547652, 0.001043
10.678807, 0.001425
10.651196, 0.001856
10.506234, 0.001041
10.354370, 0.003895
10.671905, 0.005494
10.651196, 0.003866
10.582167, 0.004159
10.547652, 0.003719
10.644293, 0.002523
10.754740, 0.003674
10.671905, 0.002667
10.637390, 0.003280
10.471720, 0.003975
10.720224, 0.002181
10.720224, 0.000965
10.665001, 0.002161
10.506234, -0.001007
10.499332, -0.005456
10.734031, -0.008830
10.451012, -0.008693
10.609778, -0.009226
10.699515, -0.009281
10.561458, -0.010950
10.602875, -0.010183
10.602875, -0.010191
10.416497, -0.011282
10.533846, -0.013725
10.595972, -0.015117
10.223215, -0.012772
10.395788, -0.007825
10.368176, -0.005227
10.306050, -0.004530
10.451011, -0.002823
10.671904, -0.001579
10.257730, 0.000263
10.582167, 0.001656
10.209409, 0.003087
10.513138, 0.003961
10.678807, 0.003706
10.278439, 0.005614
10.471720, 0.010759
10.513137, 0.013081
10.803060, 0.017590
10.685710, 0.018308
10.471720, 0.017394
10.851380, 0.013816
10.595972, 0.013592
10.554555, 0.014803
10.554555, 0.015019
10.747837, 0.017161
10.602876, 0.019534
10.540750, 0.021698
10.547652, 0.021784
10.830671, 0.021262
10.582167, 0.019374
10.540749, 0.020217
10.837574, 0.022995
10.526943, 0.020351
10.644293, 0.020780
10.595972, 0.021366
10.720224, 0.022554
10.678807, 0.024846
10.747836, 0.025670
10.533846, 0.025241
10.885896, 0.025326
10.671905, 0.023532
10.727129, 0.019556
10.803060, 0.016235
10.803060, 0.014492
10.996342, 0.012372
10.526943, 0.010886
10.809963, 0.001539
10.692613, -0.006666
10.630486, -0.010390
10.395788, -0.012899
10.575264, -0.012475
10.575264, -0.009863
10.409594, -0.011377
10.167992, -0.014254
12.411438, -0.020816
10.043739, -0.019449
10.223215, -0.019714
12.287187, -0.025204
10.057545, -0.018134
10.112768, -0.018887
10.098963, -0.017951
10.195603, -0.017795
10.285341, -0.021026
10.333662, -0.022294
10.202506, -0.026606
10.319856, -0.026267
10.312952, -0.028974
10.223215, -0.029704
10.444108, -0.029427
10.319856, -0.028549
10.409594, -0.028353
10.085157, -0.021410
10.381983, -0.014115
10.678807, -0.009250
10.347467, -0.006588
10.423399, -0.002914
10.457914, -0.001524
10.816866, -0.000284
10.678807, 0.000294
10.451011, 0.002476
10.796157, 0.005236
10.665001, 0.009121
10.540750, 0.013109
10.720225, 0.019049
10.181798, 0.017394
10.878992, 0.020670
10.754740, 0.018383
10.754739, 0.020786
10.678807, 0.019729
10.844477, 0.020585
10.630486, 0.023724
10.740933, 0.021494
10.885894, 0.025417
11.037759, 0.027036
10.485526, 0.023833
10.257730, 0.022926
10.595972, 0.026164
10.761642, 0.028065
10.658098, 0.024774
10.796157, 0.028917
10.885895, 0.032065
11.106787, 0.034132
11.451934, 0.033827
10.637390, 0.033782
10.927313, 0.029166
10.892797, 0.025443
10.671905, 0.015079
10.312952, 0.001006
12.432147, -0.010214
10.388885, -0.011564
10.216312, -0.011556
10.216312, -0.010725
10.409594, -0.010240
10.437204, -0.013461
10.409594, -0.012904
10.651196, -0.016073
10.561459, -0.017408
10.575264, -0.017817
10.678807, -0.020458
10.278438, -0.023815
10.368176, -0.027820
10.444108, -0.031088
10.112768, -0.030453
10.547651, -0.023674
10.457914, -0.023329
10.451012, -0.024145
10.292244, -0.027524
10.092060, -0.026944
10.105865, -0.026362
10.209409, -0.017590
12.597817, -0.015033
10.181797, -0.010715
10.057545, -0.007138
10.423399, -0.002832
10.381982, 0.000109
10.478622, 0.003295
10.133477, 0.008537
10.312953, 0.014290
10.471720, 0.019369
10.430304, 0.020192
10.554554, 0.023686
10.913507, 0.025823
10.540749, 0.022219
10.775448, 0.028182
10.968730, 0.028315
10.754740, 0.026176
10.416496, 0.026831
11.106789, 0.030965
10.713322, 0.029837
11.376001, 0.031980
10.872089, 0.032749
10.651196, 0.030828
10.927313, 0.031229
11.079176, 0.032498
10.789254, 0.029372
10.865186, 0.025177
10.844478, 0.024131
10.589069, 0.015267
10.678807, 0.002458
10.264632, -0.009875
10.506234, -0.016092
10.285341, -0.018808
10.043738, -0.021839
10.237020, -0.024324
12.584011, -0.028174
10.381982, -0.021352
10.112768, -0.024818
12.528789, -0.031377
10.319856, -0.031288
10.133477, -0.031789
10.174894, -0.029175
10.036837, -0.024560
10.161089, -0.028420
10.029933, -0.030670
12.211254, -0.030457
10.375079, -0.015917
10.147283, -0.014422
10.188701, -0.008606
10.402691, -0.006200
10.333662, -0.002571
10.416496, 0.002695
10.409594, 0.009386
10.561458, 0.015503
10.727128, 0.019756
10.885895, 0.022697
10.989439, 0.021207
11.072273, 0.024344
10.968730, 0.028224
11.003244, 0.027551
11.382905, 0.031686
10.837574, 0.033153
10.954924, 0.035114
11.217236, 0.033725
10.996342, 0.036116
11.320778, 0.038125
11.217235, 0.032488
11.162012, 0.031499
10.996341, 0.030755
11.231039, 0.025984
11.086079, 0.016487
10.623584, -0.000611
10.692614, -0.010397
10.271536, -0.014429
10.340564, -0.013604
10.395788, -0.016651
10.485526, -0.012968
10.368176, -0.016353
10.271536, -0.014927
10.595972, -0.016938
10.388885, -0.017297
10.230118, -0.018255
10.395788, -0.023145
10.492429, -0.026260
10.395787, -0.028804
10.444108, -0.027649
10.478622, -0.026804
10.747837, -0.028875
10.637390, -0.029535
10.671905, -0.024075
10.782351, -0.023345
10.526943, -0.018474
10.078255, -0.011148
10.595972, -0.010436
10.844477, -0.004108
10.340565, -0.003632
10.595972, 0.000321
10.285341, 0.004767
10.734031, 0.013409
10.609778, 0.017545
10.665002, 0.020278
10.658098, 0.021441
10.789253, 0.023095
11.010147, 0.022996
10.851380, 0.025751
11.023952, 0.026084
10.920409, 0.027203
11.003244, 0.030219
10.768545, 0.029947
10.803060, 0.030694
10.885895, 0.030436
10.720224, 0.027851
10.837574, 0.029048
10.526943, 0.029875
10.678807, 0.031800
10.796157, 0.033482
11.003243, 0.032970
11.003244, 0.029316
10.885894, 0.027292
10.989438, 0.021144
10.830671, 0.012202
10.740933, -0.002011
10.665001, -0.006473
10.533846, -0.009406
10.478623, -0.009837
10.485525, -0.008932
10.423400, -0.007089
10.375079, -0.009893
10.188700, -0.012163
10.561458, -0.012926
12.452856, -0.022599
10.078253, -0.019705
10.237020, -0.020961
12.659944, -0.020180
10.078254, -0.012613
10.064448, -0.017947
10.174894, -0.019456
12.370021, -0.026884
10.119671, -0.025470
12.376924, -0.030026
12.528788, -0.031730
12.342409, -0.029658
10.092059, -0.027253
10.085156, -0.020959
10.333661, -0.013193
10.299147, -0.010881
10.188701, -0.007444
10.720224, -0.005928
10.444109, -0.005389
10.734031, -0.003315
10.941118, -0.003684
10.665001, -0.003222
10.913506, 0.000545
10.478622, 0.003582
10.961826, 0.007566
10.927312, 0.010063
10.554555, 0.010753
10.982534, 0.013681
11.051565, 0.017321
10.782351, 0.018738
10.961827, 0.018274
11.127497, 0.022242
11.134399, 0.024887
11.044662, 0.025917
10.844478, 0.023978
11.369098, 0.027204
10.851380, 0.026083
10.927312, 0.025340
10.996341, 0.029797
10.678807, 0.032623
11.010147, 0.034190
11.293167, 0.026924
11.079176, 0.024497
10.865185, 0.019517
11.348391, 0.016058
11.120593, 0.006821
10.899701, 0.001480
10.706418, -0.003600
11.134399, -0.005450
10.692613, -0.005168
10.451011, -0.008925
10.340565, -0.008153
10.651196, -0.007678
10.381983, -0.009162
10.347467, -0.010927
10.416496, -0.011238
10.616682, -0.009429
10.513138, -0.008408
10.595972, -0.007703
10.568360, -0.008677
10.533846, -0.011257
10.250827, -0.014058
10.306049, -0.019156
10.451012, -0.019459
10.147284, -0.020219
10.271535, -0.020788
10.064448, -0.018386
10.105865, -0.015622
12.632332, -0.021250
10.009224, -0.015839
10.071351, -0.018173
12.514982, -0.023396
12.397633, -0.022333
10.002321, -0.013088
10.223215, -0.008497
10.154185, -0.005640
10.312953, -0.002588
10.292244, -0.001099
10.464817, 0.000631
10.423399, 0.000929
10.561458, 0.004922
10.347467, 0.006330
10.706419, 0.008580
10.782351, 0.012134
10.878992, 0.012531
10.395787, 0.014867
10.878991, 0.017561
11.023952, 0.020976
10.789253, 0.020858
11.003244, 0.020186
10.982535, 0.018904
10.878992, 0.016230
10.927312, 0.016294
10.844478, 0.017189
10.775447, 0.019353
10.630486, 0.019798
11.113691, 0.023263
11.023952, 0.024936
11.086079, 0.025285
10.823769, 0.022236
11.231040, 0.022663
10.692613, 0.021411
11.037759, 0.019993
11.030856, 0.019239
10.906604, 0.018123
11.079177, 0.018935
11.010147, 0.017180
10.941117, 0.016590
10.816866, 0.015558
10.878991, 0.012160
11.196526, 0.008264
10.837574, 0.005007
10.885895, -0.003956
10.692613, -0.006331
10.595972, -0.007645
10.568360, -0.008879
10.464817, -0.009411
10.651196, -0.010720
10.430303, -0.011345
10.651196, -0.011228
10.285341, -0.009897
10.685710, -0.006544
10.347467, -0.006846
10.354371, -0.007573
10.161089, -0.003883
12.452856, 0.001427
12.459759, -0.004215
10.181798, -0.007116
10.188700, -0.007980
12.604720, -0.010546
12.383826, -0.012347
12.459759, -0.008472
10.105865, -0.001647
10.023030, 0.000096
10.126575, 0.000916
10.430303, 0.002963
10.430302, 0.002540
10.520041, 0.003757
10.388885, 0.003540
10.388885, 0.000927
10.540749, 0.004630
10.740934, 0.003731
10.616681, 0.002546
10.768545, 0.001867
10.740933, 0.001686
11.023952, 0.001497
10.789253, 0.002467
10.858282, 0.001192
10.927313, 0.002093
10.858282, 0.000326
10.878992, 0.001790
10.678807, 0.001588
10.954924, 0.002546
10.533846, 0.004045
10.865187, 0.003660
10.727128, 0.002654
10.747836, 0.002362
10.720225, 0.002303
10.906603, 0.001887
10.671905, 0.001223
10.740933, 0.001597
10.706419, 0.001320
10.789254, 0.001412
10.734031, 0.000827
10.623584, 0.001210
10.982535, 0.000840
10.754739, -0.000195
10.747837, 0.001371
10.768545, 0.000775
10.782351, 0.001232
10.941118, 0.001093
10.651196, 0.001425
10.692614, 0.000942
10.892797, 0.000333
10.623584, 0.001096
10.816865, 0.001352
10.609778, 0.001186
10.727127, 0.004198
10.678807, 0.003673
10.526943, 0.003060
10.637390, 0.004286
10.906603, 0.004382
10.554555, 0.002611
10.796156, 0.001921
10.554555, 0.003010
10.727128, 0.003403
10.333662, 0.003134
10.409594, 0.004620
10.181797, 0.010508
10.430302, 0.020884
10.105865, 0.034540
12.356215, 0.055561
12.390730, 0.071178
12.418342, 0.081771
10.547652, 0.069662
10.216312, 0.072670
10.230118, 0.075721
10.312952, 0.077015
12.328604, 0.100662
10.547652, 0.084702
10.036837, 0.088011
10.071351, 0.092815
10.368176, 0.093011
12.004167, 0.120122
10.388885, 0.095393
10.016127, 0.098396
12.162933, 0.125776
11.873011, 0.128975
11.210331, 0.133039
11.976555, 0.137614
11.728050, 0.144294
11.417418, 0.143317
12.169837, 0.142051
10.533846, 0.104355
12.376924, 0.112362
11.403613, 0.094585
10.568360, 0.056342
10.526943, 0.040808
11.058468, 0.017132
11.148205, 0.014863
11.341487, 0.013957
11.776371, 0.013539
12.287186, 0.013876
10.085157, 0.013734
10.112768, 0.013860
10.837574, 0.016292
10.844478, 0.019492
10.961827, 0.020466
11.203428, 0.017034
11.251749, 0.016288
11.445031, 0.015549
11.438128, 0.014482
11.589992, 0.012778
11.631410, 0.012948
11.596895, 0.011682
11.652118, 0.008949
11.886817, 0.008496
11.320778, 0.007876
11.410516, 0.005315
11.845400, 0.005619
11.603798, 0.005081
11.417418, 0.004730
11.479545, 0.004468
11.424321, 0.004426
11.555477, 0.003798
11.348391, 0.003860
11.493351, 0.002148
11.479545, 0.001414
11.555478, 0.002467
11.293166, 0.001162
11.424322, 0.000649
11.244846, 0.001373
11.348390, 0.000398
11.141302, 0.001678
11.272458, 0.001654
11.148206, -0.000068
10.996342, -0.000386
10.892797, -0.001584
10.851380, -0.001105
11.017050, 0.001991
10.734030, 0.000276
10.796156, 0.000641
10.803061, 0.000556
10.968729, 0.002083
10.913507, 0.000464
10.706419, 0.000786
11.065370, 0.001957
10.954924, 0.002141
10.734031, 0.001310
10.913506, 0.000991
10.954925, 0.001528
10.740933, 0.000592
10.982535, 0.000755
10.561458, -0.000343
10.713322, -0.000906
10.961827, -0.000954
10.506234, -0.003147
10.671905, -0.010861
10.720224, -0.014505
10.506234, -0.017223
10.147284, -0.019912
10.506234, -0.022059
10.375079, -0.023192
10.174894, -0.024954
10.140379, -0.024906
10.375078, -0.024233
10.347467, -0.022207
10.464817, -0.024524
10.333661, -0.024207
10.361273, -0.027628
10.029934, -0.030633
10.098963, -0.032431
10.133476, -0.035082
10.230118, -0.035595
10.043739, -0.032947
10.188700, -0.028633
10.395788, -0.027840
10.451012, -0.029578
10.285341, -0.032357
10.685710, -0.034837
10.333661, -0.034370
10.250827, -0.032264
10.402691, -0.028827
10.803061, -0.025803
10.278439, -0.021004
10.616681, -0.015935
10.678807, -0.013621
10.885895, -0.011638
10.747836, -0.010098
10.892797, -0.011235
10.844478, -0.011303
10.878992, -0.011461
10.809962, -0.012776
10.685709, -0.011131
10.720224, -0.009266
10.844477, -0.008167
10.699516, -0.010987
10.637390, -0.018051
10.299147, -0.026540
10.402691, -0.036679
10.492429, -0.047146
10.506234, -0.056382
12.383828, -0.077779
10.375079, -0.064631
10.126574, -0.068695
10.112768, -0.069639
12.363118, -0.090099
11.845400, -0.093182
12.135323, -0.102721
11.486448, -0.110420
11.831594, -0.117221
11.334584, -0.119280
11.472642, -0.122450
11.320778, -0.132043
11.237944, -0.137485
11.148207, -0.137811
11.251749, -0.137851
11.251750, -0.138371
11.051565, -0.141538
10.858283, -0.145524
10.706419, -0.145664
10.734030, -0.149912
10.927312, -0.154245
10.547653, -0.151984
11.251749, -0.145039
10.844478, -0.132863
11.500255, -0.110692
11.003244, -0.082765
10.478623, -0.046410
10.595972, -0.015000
10.402691, 0.009927
10.347467, 0.022706
10.533846, 0.030196
10.803060, 0.033060
11.334584, 0.029129
11.569283, 0.029199
12.038681, 0.030632
12.197449, 0.037412
12.211254, 0.043418
12.342409, 0.051252
12.204351, 0.061423
12.183642, 0.068860
10.354370, 0.062297
11.955846, 0.091110
12.059389, 0.097399
11.293166, 0.106745
12.211254, 0.108910
12.128419, 0.114003
11.769468, 0.116168
11.983458, 0.120290
11.776371, 0.123161
12.149127, 0.125662
11.824691, 0.127641
11.873012, 0.128734
11.410517, 0.132788
11.693536, 0.134859
11.017050, 0.137873
10.699516, 0.141628
10.057545, 0.145342
11.231040, 0.144515
10.575263, 0.143952
10.803060, 0.141521
10.927312, 0.140647
12.073196, 0.133859
11.520962, 0.111826
10.299147, 0.081808
10.257730, 0.049632
11.148206, 0.016709
10.388885, -0.023576
10.043739, -0.055044
10.451011, -0.056030
10.927312, -0.031364
11.410516, -0.022017
10.119671, -0.012524
12.080097, -0.014882
10.112768, -0.028615
10.326758, -0.048859
10.754740, -0.058824
10.595972, -0.058403
10.430303, -0.062444
10.837575, -0.075422
11.134399, -0.078082
10.119671, -0.078786
11.065370, -0.089368
10.485525, -0.092103
10.478621, -0.097768
10.699516, -0.103948
10.457914, -0.108644
10.430302, -0.114304
10.651196, -0.123255
10.451011, -0.126723
10.319856, -0.127346
10.326757, -0.129390
10.230118, -0.132613
11.445030, -0.167391
11.914429, -0.177827
10.457914, -0.145601
11.493351, -0.169745
10.002321, -0.151955
12.231963, -0.180238
10.616681, -0.136004
10.561457, -0.118442
10.761642, -0.094589
10.333662, -0.067605
10.278439, -0.033494
10.237021, -0.002404
10.202506, 0.015288
10.395787, 0.023702
10.644293, 0.022293
11.010147, 0.024571
11.417419, 0.024512
11.603798, 0.024078
12.445953, 0.026440
12.107710, 0.035199
12.204351, 0.045113
11.969652, 0.054427
11.776370, 0.066920
11.534768, 0.075511
11.769467, 0.084987
11.486448, 0.094863
11.686632, 0.103417
11.417419, 0.111259
11.741857, 0.114830
12.031778, 0.116081
11.686632, 0.114471
12.080099, 0.114849
11.624506, 0.118346
12.100807, 0.120707
11.576186, 0.124091
11.507156, 0.128410
11.113691, 0.132557
12.017973, 0.135296
11.092981, 0.139330
11.037758, 0.139864
10.299147, 0.142376
11.396710, 0.142137
10.885895, 0.140054
10.913506, 0.137545
11.451933, 0.135707
12.328604, 0.126371
12.087001, 0.107320
10.361274, 0.072937
10.285341, 0.044199
11.320778, 0.012129
10.340565, -0.026610
10.119671, -0.055699
10.727128, -0.063382
11.182720, -0.042027
11.734953, -0.026015
10.306049, -0.017657
10.451012, -0.017038
10.306049, -0.026842
10.285341, -0.041265
10.333662, -0.055100
10.920409, -0.067327
11.058468, -0.069030
10.941118, -0.073616
11.127497, -0.078817
11.148206, -0.083163
11.134399, -0.091132
11.072273, -0.094460
10.499331, -0.096475
10.651196, -0.108859
10.989438, -0.136204
10.167992, -0.127620
11.983459, -0.162008
11.300069, -0.166607
12.031778, -0.171417
10.692614, -0.135949
11.541672, -0.157705
12.121516, -0.164181
10.547652, -0.132046
10.471720, -0.128583
11.210331, -0.111032
11.500254, -0.088138
11.762564, -0.068352
11.907526, -0.051511
12.397633, -0.037027
10.250826, -0.023617
10.381982, -0.018570
12.577108, -0.024500
10.216312, -0.028937
10.554554, -0.033787
11.120594, -0.034389
10.975633, -0.034049
11.313875, -0.028605
11.603798, -0.023301
11.803982, -0.019088
11.769467, -0.015748
12.342409, -0.018039
12.328604, -0.016739
12.659943, -0.014605
13.060312, -0.013046
13.253593, -0.012325
13.232885, -0.012912
13.515904, -0.011587
10.499331, -0.007694
10.361273, -0.005396
10.485526, -0.004586
10.533846, -0.004981
10.892797, -0.005302
10.830671, -0.005137
10.837574, -0.003486
10.892797, -0.003233
11.175817, -0.004663
11.168914, -0.004636
11.382904, -0.005545
11.410516, -0.004349
11.728050, -0.003331
11.741856, -0.002598
11.617603, -0.001623
11.755662, -0.002677
12.100807, -0.002903
12.142224, -0.001817
12.107711, -0.001319
12.445953, -0.001710
12.549497, -0.000743
12.404536, 0.000203
12.632332, 0.000629
12.639235, 0.001316
12.880836, 0.002260
12.632332, 0.001211
12.956768, 0.003816
12.604720, 0.007009
12.791100, 0.010200
13.177662, 0.011717
12.735875, 0.014727
12.770390, 0.016896
12.901546, 0.019221
12.728972, 0.023079
12.811808, 0.026313
13.288109, 0.027534
13.101730, 0.028553
12.929157, 0.028929
13.515905, 0.029610
13.439973, 0.029947
13.798924, 0.029363
13.695381, 0.026393
13.557322, 0.024539
13.798924, 0.022629
13.854148, 0.021131
13.923176, 0.019873
14.406380, 0.018404
13.957691, 0.018032
13.653963, 0.018734
13.564224, 0.017836
13.930080, 0.016262
13.695381, 0.018074
13.785118, 0.017934
13.446877, 0.017671
13.640158, 0.021780
13.074118, 0.024142
13.377846, 0.028278
13.674673, 0.029147
13.674671, 0.028088
13.405458, 0.025796
12.991283, 0.024238
13.053410, 0.024272
12.956769, 0.023015
12.977477, 0.021725
12.749681, 0.020680
12.618526, 0.020447
12.901545, 0.018416
12.080099, 0.016409
12.390730, 0.017000
11.852303, 0.015578
11.734953, 0.014675
11.576186, 0.012278
11.638312, 0.013339
11.589993, 0.011797
11.058468, 0.011996
11.168914, 0.011087
10.968729, 0.010843
11.113691, 0.011480
10.809962, 0.012120
10.485525, 0.013389
10.195603, 0.016004
10.361273, 0.019708
10.326759, 0.020875
10.133477, 0.023432
13.377846, 0.031847
13.453778, 0.033376
10.016128, 0.024139
13.143147, 0.032107
12.798001, 0.028629
12.811808, 0.027095
12.701361, 0.025834
12.439051, 0.025685
12.404535, 0.024464
12.197449, 0.025585
12.031778, 0.023341
11.948943, 0.021584
11.893721, 0.021014
11.817788, 0.019178
11.417418, 0.016657
11.472642, 0.017405
11.286263, 0.016470
11.030855, 0.019363
10.388885, 0.028547
10.685711, 0.041474
10.637390, 0.052016
12.356215, 0.075694
10.126575, 0.068448
10.451011, 0.072867
12.439051, 0.097731
10.181798, 0.080940
12.432147, 0.106277
10.167992, 0.088417
10.451011, 0.088898
10.126575, 0.092416
10.271535, 0.093037
11.251749, 0.091880
10.471720, 0.084408
10.250827, 0.076889
10.023030, 0.067136
11.914429, 0.053937
11.679729, 0.026414
11.866108, 0.016814
11.617603, 0.013012
12.162933, 0.013696
12.266478, 0.011271
10.105865, 0.009248
10.078254, 0.010053
10.167992, 0.010408
10.388885, 0.016202
10.595973, 0.017584
10.713322, 0.016489
10.865186, 0.014823
10.761642, 0.015259
10.878991, 0.012382
11.141302, 0.012525
10.996342, 0.012951
10.927312, 0.011937
11.010147, 0.009830
11.272457, 0.008986
11.113690, 0.007427
11.217235, 0.006265
11.189623, 0.005208
11.155108, 0.006230
10.948021, 0.006926
11.120594, 0.006971
11.051565, 0.003880
11.162011, 0.003811
11.079176, 0.000878
10.975633, -0.000011
11.134400, -0.000109
11.010147, 0.001447
10.892797, 0.001983
10.892797, 0.001891
10.872088, 0.002136
11.155107, 0.001895
10.803061, 0.001065
10.920409, 0.000400
10.768545, 0.000429
