-0.002735
-0.001256
-0.002112
-0.002405
-0.001732
-0.001152
-0.001634
-0.002753
-0.003807
-0.004564
-0.005173
-0.005491
-0.005497
-0.005608
-0.005978
-0.006331
-0.006830
-0.008119
-0.010905
-0.015745
-0.022692
-0.031755
-0.173384
-0.228125
-0.284489
-0.343734
-0.407988
-0.476977
-0.547212
-0.618799
-0.695026
-0.780381
-0.885740
-0.979430
-1.038398
-1.083232
-1.123341
-1.162905
-3.631041
-0.566573
-0.602912
-0.638747
-0.672571
-0.705902
-0.738212
-0.768457
-0.798278
-0.826863
-0.854353
-0.880982
-0.562763
-0.595052
-0.627424
-0.660513
-0.693629
-0.727045
-0.760928
-0.794413
-0.827978
-0.861464
-0.894736
-0.927660
-0.961087
-0.993362
-1.025500
-1.057333
-1.087863
-1.118683
-1.148178
-1.176813
-1.204790
-1.231381
-1.256786
-1.281075
-1.304796
-1.326686
-1.347399
-1.366715
-1.384779
-1.402425
-1.419103
-1.434127
-1.447488
-1.458679
-1.468775
-1.478450
-1.487577
-1.495956
-1.503763
-1.510786
-1.517212
-1.523173
-1.528446
-1.533239
-1.537612
-1.541463
-1.544986
-1.548146
-1.550991
-1.553559
-1.555782
-1.557808
-1.559598
-1.561166
-1.562505
-1.563682
-1.564771
-1.565747
-1.566596
-1.567345
-1.568064
-1.568725
-1.569305
-1.569773
-1.570171
-1.570516
-1.570688
-1.570757
-1.570877
-1.571095
-1.571394
-1.571708
-1.571995
-1.572250
-1.572465
-1.572653
-1.572864
-1.573104
-1.573375
-1.573691
-1.574026
-1.574377
-1.574761
-1.575169
-1.575598
-1.576038
-1.576484
-1.576964
-1.577486
-1.577997
-1.578509
-1.579033
-1.579585
-1.580152
-1.580724
-1.581297
-1.581917
-1.582587
-1.583348
-1.584355
-1.585621
-1.587075
-1.588638
-1.590365
-1.592317
-1.594471
-1.596834
-1.599376
-1.602084
-1.605035
-1.608158
-1.611581
-1.615180
-1.619020
-1.622968
-1.627019
-1.631243
-1.635439
-1.639678
-1.643787
-1.647897
-1.651877
-1.655695
-1.659357
-1.662941
-1.666333
-1.669535
-1.672490
-1.675173
-1.677574
-1.679643
-1.681428
-1.682933
-1.684109
-1.685009
-1.685673
-1.685973
-1.685900
-1.685482
-1.684700
-1.683720
-1.682452
-1.680856
-1.678963
-1.676864
-1.674201
-1.671330
-1.668117
-1.664550
-1.660813
-1.656721
-1.652465
-1.648174
-1.643648
-1.638954
-1.634082
-1.628969
-1.623755
-1.618499
-1.613266
-1.607877
-1.602365
-1.596971
-1.591622
-1.586451
-1.581342
-1.576172
-1.571179
-1.566208
-1.561511
-1.556812
-1.552235
-1.547897
-1.543677
-1.539545
-1.535615
-1.531843
-1.528423
-1.525318
-1.522484
-1.519879
-1.517711
-1.515732
-1.513974
-1.512477
-1.511296
-1.510416
-1.509845
-1.509642
-1.509693
-1.510070
-1.510675
-1.511563
-1.512819
-1.514436
-1.516479
-1.518876
-1.521559
-1.524443
-1.527447
-1.530566
-1.533720
-1.536843
-1.539998
-1.543162
-1.546304
-1.549392
-1.552383
-1.555267
-1.557980
-1.560663
-1.563200
-1.565474
-1.567450
-1.569135
-1.570717
-1.572392
-1.574331
-1.576693
-1.579451
-1.595467
-1.768164
-1.819367
-1.875569
-1.939449
-2.008468
-2.087554
-2.178307
-2.272337
-2.358543
-2.450638
-2.535918
-2.590054
-2.630999
-2.671597
-2.713841
-2.755141
-2.795235
-5.182853
-8.163166
-8.190028
-8.217602
-8.246167
-8.275139
-8.304907
-8.335028
-8.364293
-8.395012
-8.425912
-8.457799
-8.489025
-8.521199
-8.554086
-8.586993
-8.619285
-8.651340
-8.683772
-8.717076
-8.749718
-8.781347
-8.813748
-8.845870
-8.877157
-8.907907
-8.938212
-8.969415
-8.999120
-9.027883
-9.055444
-9.081399
-9.106542
-9.130930
-9.154027
-9.176164
-9.196770
-9.216708
-9.236926
-9.255557
-9.271997
-9.287272
-9.301004
-9.313145
-9.323352
-9.333342
-9.342738
-9.351369
-9.359375
-9.366643
-9.373152
-9.379010
-9.384452
-9.389423
-9.394099
-9.398284
-9.402295
-9.406057
-9.409291
-9.412306
-9.414995
-9.417464
-9.419650
-9.421707
-9.423602
-3.142177
-3.143794
-3.145242
-3.146536
-3.147769
-3.148838
-3.149726
-3.150562
-3.151427
-3.152252
-3.152975
-3.153580
-3.154122
-3.154566
-3.154891
-3.155168
-3.155478
-3.155803
-3.156077
-3.156255
-3.156411
-3.156573
-3.156717
-3.156872
-3.157022
-3.157137
-3.157233
-3.157320
-3.157397
-3.157469
-3.157559
-3.157682
-3.157801
-3.157897
-3.158001
-3.158121
-3.158224
-3.158327
-3.158461
-3.158645
-3.158826
-3.158976
-3.159104
-3.159247
-3.159419
-3.159610
-3.159834
-3.160091
-3.160344
-3.160560
-3.160722
-3.160839
-3.160944
-3.161036
-3.161127
-3.161230
-3.161331
-3.161425
-3.161490
-3.161513
-3.161463
-3.161319
-3.161136
-3.160971
-3.160877
-3.160804
-3.160729
-3.160660
-3.160606
-3.160585
-3.160590
-3.160582
-3.160559
-3.160523
-3.160456
-3.160354
-3.160226
-3.160095
-3.159984
-3.159896
-3.159840
-3.159789
-3.159727
-3.159674
-3.159625
-3.159592
-3.159584
-3.159571
-3.159519
-3.159414
-3.159265
-3.159091
-3.158916
-3.158780
-3.158695
-3.158620
-3.158535
-3.158451
-3.158380
-3.158286
-3.158178
-3.158090
-3.158011
-3.157910
-3.157801
-3.157709
-3.157626
-3.157509
-3.157379
-3.157300
-3.157326
-3.157473
-3.157699
-3.157958
-3.158172
-3.158328
-3.158446
-3.158549
-3.158652
-3.158757
-3.158856
-3.158969
-3.159087
-3.159176
-3.159289
-3.159482
-3.159749
-3.160064
-3.160387
-3.160694
-3.160952
-3.161171
-3.161376
-3.161582
-3.161797
-3.162002
-3.162193
-3.162372
-3.162496
-3.162550
-3.162564
-3.162553
-3.162513
-3.162438
-3.162333
-3.162217
-3.162085
-3.161960
-3.161871
-3.161826
-3.161840
-3.161928
-3.162093
-3.162319
-3.162560
-3.162798
-3.163063
-3.163354
-3.163637
-3.163883
-3.164072
-3.164212
-3.164340
-3.164509
-3.164762
-3.165079
-3.165416
-3.165734
-3.166015
-3.166230
-3.166370
-3.166443
-3.166463
-3.166466
-3.166466
-3.166453
-3.166424
-3.166372
-3.166306
-3.166261
-3.166234
-3.166205
-3.166175
-3.166136
-3.166060
-3.165933
-3.165771
-3.165608
-3.165468
-3.165336
-3.165200
-3.165067
-3.164919
-3.164725
-3.164500
-3.164312
-3.164184
-3.164105
-3.164044
-3.164013
-3.163996
-3.163925
-3.163803
-3.163661
-3.163478
-3.163239
-3.162959
-3.162688
-3.162469
-3.162304
-3.162208
-3.162176
-3.162153
-3.162094
-3.161985
-3.161844
-3.161699
-3.161590
-3.161553
-3.161612
-3.161780
-3.162007
-3.162239
-3.162449
-3.162601
-3.162704
-3.162810
-3.162932
-3.163061
-3.163202
-3.163357
-3.163539
-3.163694
-3.163824
-3.163998
-3.164241
-3.164553
-3.164950
-3.165434
-3.165982
-3.166559
-3.167159
-3.167795
-3.168444
-3.169081
-3.169619
-3.170060
-3.170434
-3.170758
-3.171075
-3.171429
-3.171839
-3.172274
-3.172720
-3.173182
-3.173648
-3.174088
-3.174485
-3.174831
-3.175130
-3.175372
-3.175558
-3.175705
-3.175796
-3.175863
-3.175942
-3.176027
-3.176095
-3.176130
-3.176120
-3.176068
-3.175999
-3.175936
-3.175887
-3.175863
-3.175870
-3.175893
-3.175919
-3.175936
-3.175921
-3.175878
-3.175837
-3.175813
-3.175800
-3.175781
-3.175743
-3.175642
-3.175430
-3.175119
-3.174779
-3.174452
-3.174135
-3.173849
-3.173615
-3.173443
-3.173363
-3.173352
-3.173367
-3.173402
-3.173429
-3.173408
-3.173322
-3.173170
-3.172978
-3.172803
-3.172673
-3.172583
-3.172524
-3.172466
-3.172370
-3.172241
-3.172120
-3.172047
-3.172029
-3.172044
-3.172075
-3.172126
-3.172186
-3.172257
-3.172359
-3.172493
-3.172639
-3.172791
-3.172939
-3.173063
-3.173138
-3.173132
-3.173059
-3.172961
-3.172858
-3.172753
-3.172643
-3.172538
-3.172434
-3.172315
-3.172215
-3.172181
-3.172216
-3.172316
-3.172458
-3.172603
-3.172712
-3.172774
-3.172800
-3.172808
-3.172806
-3.172804
-3.172813
-3.172822
-3.172810
-3.172784
-3.172767
-3.172776
-3.172794
-3.172786
-3.172740
-3.172645
-3.172484
-3.172280
-3.172089
-3.171960
-3.172063
-3.172647
-3.173887
-3.178786
-3.314949
-3.364912
-3.421567
-3.484673
-3.552614
-3.622421
-3.696771
-3.780435
-3.873457
-3.974192
-4.081570
-4.192098
-4.303369
-4.413638
-4.525375
-4.643898
-4.772810
-4.913685
-5.075381
-5.243206
-5.399890
-5.540760
-5.647661
-5.720847
-5.769417
-7.328548
-3.741095
-3.786814
-3.835616
-4.617799
-5.961449
-7.916983
-4.067025
-4.136684
-4.211729
-4.291283
-4.375703
-4.465062
-4.556768
-4.649521
-4.743610
-4.835025
-4.923375
-5.007714
-5.087619
-5.162519
-5.776149
-6.041564
-5.989887
-5.931558
-5.864347
-5.788098
-5.703528
-5.609322
-5.511771
-5.419763
-5.341011
-5.286619
-2.691841
-5.650223
-5.664911
-5.678717
-5.691710
-5.704784
-5.716749
-5.728104
-5.738486
-5.680000
-5.523758
-5.583910
-5.643388
-5.725106
-5.813061
-5.875014
-5.921907
-8.800244
-5.789195
-5.792265
-5.795389
-5.798043
-5.800419
-5.802545
-5.804542
-5.806334
-5.807949
-5.809482
-5.810821
-5.812242
-5.813554
-5.814779
-5.815867
-5.817754
-5.819772
-5.822545
-5.825692
-5.827713
-5.830676
-5.834378
-5.839502
-5.846030
-5.854373
-5.864469
-5.876800
-5.891091
-5.907669
-5.926322
-5.946680
-5.967412
-5.987853
-6.007283
-6.026361
-6.045799
-6.064585
-6.083248
-6.101373
-6.119020
-6.136704
-6.152748
-6.167878
-6.181746
-6.194252
-6.206057
-6.215325
-6.223702
-6.231202
-6.238173
-6.244731
-6.251046
-6.257265
-6.262734
-6.267589
-6.271929
-6.275959
-6.279725
-6.283198
-6.286324
-6.289133
-6.291728
-6.294039
-6.296205
-6.298207
-6.299915
-6.300906
-6.301437
-6.302162
-6.303297
-6.304832
-6.306390
-6.307795
-6.308991
-6.310110
-6.311257
-6.312417
-6.313456
-6.314379
-6.315203
-6.315837
-6.316242
-6.316552
-6.316852
-6.317172
-6.317494
-6.317823
-6.318124
-6.318376
-6.318613
-6.318821
-6.318966
-6.319067
-6.319151
-6.319422
-6.319877
-6.320375
-6.320931
-6.321297
-6.321406
-6.321368
-6.321279
-6.321159
-6.321007
-6.320868
-6.320720
-6.320544
-6.320375
-6.320261
-6.320193
-6.320168
-6.320192
-6.320223
-6.320191
-6.320095
-6.319945
-6.319869
-6.319971
-6.320282
-6.320840
-6.321292
-6.321377
-6.321146
-6.320753
-6.320245
-6.319621
-6.319040
-6.318602
-6.318280
-6.318011
-6.317833
-6.317802
-6.317864
-6.317935
-6.317955
-6.317910
-6.317791
-6.317670
-6.317792
-6.318212
-6.318614
-6.318932
-6.319140
-6.319084
-6.318653
-6.317963
-6.317222
-6.316371
-6.315698
-6.315345
-6.315214
-6.315151
-6.315089
-6.315043
-6.315037
-6.315089
-6.315180
-6.315264
-6.315307
-6.315301
-6.315380
-6.315540
-6.315753
-6.316124
-6.316373
-6.316392
-6.316174
-6.315734
-6.315067
-6.314179
-6.313481
-6.313187
-6.313146
-6.313201
-6.313338
-6.313545
-6.313762
-6.313984
-6.314197
-6.314392
-6.314553
-6.314673
-6.314872
-6.315204
-6.315623
-6.316199
-6.316763
-6.317048
-6.316941
-6.316478
-6.316008
-6.315636
-6.315434
-6.315533
-6.315831
-6.316203
-6.316568
-6.316965
-6.317389
-6.317804
-6.318203
-6.318596
-6.318926
-6.319116
-6.319169
-6.319185
-6.319255
-6.319452
-6.319705
-6.319933
-6.320007
-6.319932
-6.319743
-6.319341
-6.319004
-6.318880
-6.318868
-6.318907
-6.319013
-6.319140
-6.319231
-6.319285
-6.319323
-6.319365
-6.319402
-6.319415
-6.319419
-6.319400
-6.319332
-6.319237
-6.319157
-6.319091
-6.318913
-6.318565
-6.318135
-6.317600
-6.317127
-6.316916
-6.316867
-6.316878
-6.316930
-6.317052
-6.317214
-6.317387
-6.317541
-6.317628
-6.317612
-6.317470
-6.317333
-6.317282
-6.317451
-6.317842
-6.318052
-6.318115
-6.318139
-6.318069
-6.317818
-6.317384
-6.316901
-6.316465
-6.316066
-6.315724
-6.315498
-6.315436
-6.315516
-6.315655
-6.315780
-6.315856
-6.315861
-6.315844
-6.315852
-6.315873
-6.315900
-6.315914
-6.315906
-6.315879
-6.315822
-6.315749
-6.315686
-6.315657
-6.315680
-6.315722
-6.315730
-6.315716
-6.315721
-6.315761
-6.315889
-6.316112
-6.316367
-6.316569
-6.316677
-6.316663
-6.316623
-6.316615
-6.316751
-6.316961
-6.317164
-6.317362
-6.317495
-6.317468
-6.317092
-6.316355
-6.315793
-6.315526
-6.315406
-6.315389
-6.315497
-6.315699
-6.315939
-6.316181
-6.316400
-6.316547
-6.316595
-6.316612
-6.316684
-6.316872
-6.317210
-6.317598
-6.317958
-6.318248
-6.318494
-6.318708
-6.318818
-6.318794
-6.318694
-6.318721
-6.318913
-6.319271
-6.319834
-6.320365
-6.320704
-6.320963
-6.321208
-6.321395
-6.321431
-6.321315
-6.321113
-6.320846
-6.320577
-6.320378
-6.320304
-6.320376
-6.320480
-6.320538
-6.320493
-6.320428
-6.320413
-6.320591
-6.320888
-6.321309
-6.322013
-6.322690
-6.323140
-6.323404
-6.323582
-6.323680
-6.323716
-6.323747
-6.323782
-6.323817
-6.323753
-6.323354
-6.322246
-6.316315
-6.169148
-6.117968
-6.060519
-5.995209
-5.922624
-5.841507
-5.747472
-5.643466
-5.535373
-5.425096
-5.314525
-5.203731
-5.091745
-4.978978
-4.866782
-4.743933
-4.613194
-4.483490
-4.345907
-4.201536
-4.051742
-3.898907
-3.745681
-3.589616
-3.428575
-3.264521
-3.098958
-2.933268
-2.770789
-2.610543
-2.457410
-2.324835
-2.220954
-2.151106
-2.103835
-2.047014
-1.960806
-1.866715
-1.811479
-1.853512
-1.933299
0.271023
-2.686683
-1.853691
-1.812499
0.612175
3.296083
3.511708
3.585581
3.641410
3.683543
3.718196
3.748465
3.774768
4.185181
4.372338
4.321779
4.264147
4.201827
4.124932
4.040847
3.960219
3.864369
3.761658
3.653547
3.532539
3.408096
3.281492
3.154886
3.029647
2.905152
2.779807
2.643425
2.507979
2.389711
2.284489
2.194832
2.120170
2.058759
2.010507
1.972722
1.934162
1.856028
1.759038
1.713302
-0.157228
2.850874
5.938793
3.497469
3.428579
3.356009
3.276413
3.193301
3.106681
3.014369
2.934560
2.850727
2.776242
2.704861
2.636013
2.570906
2.505359
2.447432
2.393627
2.343599
2.295297
2.246868
2.202564
2.159243
2.117228
2.081632
2.047602
2.012669
1.741811
1.777480
1.823272
1.871321
1.918606
1.964682
2.011552
2.060394
2.113285
2.170553
2.230447
2.290210
2.349803
2.410679
2.472080
2.535494
2.602075
2.669300
2.736445
2.806081
2.879499
2.954755
3.030429
3.104680
3.176282
3.242603
3.304465
3.364088
3.420821
3.477043
3.535417
3.596828
3.662163
3.731970
3.805633
3.882944
3.957902
4.028574
4.098830
4.167522
4.232087
4.291126
4.338492
6.491763
9.133920
9.196381
9.258894
9.322476
9.385732
3.166535
3.229704
3.291695
3.352195
3.411911
3.471296
3.528341
3.584165
3.638637
3.690202
3.743065
3.792323
3.839575
3.884938
3.928543
3.969701
4.010455
4.050193
4.088246
4.126594
4.161890
4.196156
4.228771
4.257885
4.286231
4.516846
4.513454
4.459293
4.397497
4.330293
4.259627
4.186578
4.105519
4.015074
3.924094
3.836651
3.755736
3.686143
3.627431
3.578900
3.539899
1.157638
-1.911252
-1.927914
-1.945648
-1.964388
-1.984499
-2.005424
-2.027401
-2.050264
-2.074282
-2.099229
-2.124783
-2.151351
-2.178605
-2.207140
-2.236661
-2.267523
-2.299594
-2.677041
-3.203641
-3.256832
-3.313388
-3.373501
-3.438815
-3.509118
-3.587030
-3.672800
-3.763556
-3.853456
-3.936298
-4.014727
-4.088811
-4.153050
-4.208747
-4.259705
-4.305406
-4.344898
-4.382957
-4.441529
-4.539058
-4.622327
-6.820560
-3.753917
-4.535477
-6.975404
-3.492461
-3.534795
-3.575602
-3.616239
-3.657669
-3.699119
-3.740321
-3.781998
-3.819799
-3.856658
-3.893267
-3.931444
-3.966011
-3.999635
-4.034265
-4.065432
-4.094827
-4.123382
-4.151063
-4.422020
-1.298316
-4.428084
-4.243769
-4.202248
-4.160317
-4.118945
-4.077275
-4.035301
-3.992868
-3.949443
-3.905033
-3.859196
-3.810152
-3.758326
-3.707028
-3.658348
-3.611701
-3.566221
-3.521732
-3.477180
-3.432044
-3.385929
-3.337535
-3.286682
-3.233686
-3.180335
-3.128500
-3.080706
-3.038009
-2.995456
-2.950324
-2.902913
-2.853973
-2.802756
-2.749161
-2.693827
-2.636309
-2.580195
-2.527728
-2.477635
-2.429617
-2.381452
-2.330941
-2.279048
-2.226574
-2.173242
-2.121246
-2.071967
-2.026074
-1.985483
0.388831
3.169314
3.217495
3.266559
3.315558
3.363366
3.829598
4.563006
4.614634
7.092241
3.599665
3.643475
3.687770
3.731321
3.774777
3.817142
3.859059
3.899929
3.940164
3.976591
4.012373
4.046184
4.080186
4.393807
4.515594
4.468476
4.412432
4.346289
4.272341
4.192996
4.106427
4.011051
3.907441
3.797638
3.686257
3.575603
3.464576
3.352659
3.240502
3.129039
3.016336
2.898547
2.775016
2.646805
2.512436
2.368558
2.235557
2.141951
2.081596
2.038644
0.405731
-2.288948
-2.955803
-4.485655
-4.555604
-6.345431
-8.806663
-8.873166
-8.946613
-9.021430
-9.101970
-9.179804
-9.271685
-9.366729
-3.175165
-3.265974
-3.356907
-3.444068
-3.527839
-3.599852
-3.668326
-3.731161
-3.795420
-3.854389
-3.910345
-3.962143
-4.011178
-4.056667
-4.099831
-4.144427
-4.185849
-4.224824
-4.261364
-4.296289
-4.329242
-4.361009
-4.392015
-4.420847
-4.448249
-4.474933
-4.499940
-4.522658
-4.543678
-4.564096
-4.580691
-4.596303
-4.610194
-4.621186
-4.631070
-4.640399
-4.649199
-4.657077
-4.663846
-4.668459
-4.671805
-4.675601
-4.680224
-4.684907
-4.689422
-4.693100
-4.695977
-4.697776
-4.712925
-4.592639
-4.539579
-4.483306
-4.423535
-4.359203
-4.288471
-4.209600
-4.122412
-4.028165
-3.927558
-3.820981
-3.710547
-3.600104
-3.490034
-3.377624
-3.259775
-3.136660
-3.012863
-2.888413
-2.760966
-2.629740
-2.499250
-2.375613
-2.262177
-2.164373
-2.091641
-2.045038
-0.403405
2.209823
2.258695
2.313354
2.372580
2.437111
2.506291
2.582393
2.662802
2.748326
2.838878
2.932202
3.027623
3.122941
3.217451
3.309594
3.396224
3.478937
3.555810
3.626328
3.690799
3.751984
3.809902
3.863132
3.913393
3.961006
4.005121
4.046988
4.087465
4.125452
4.162748
4.197564
4.232081
4.264928
4.296796
4.327515
4.356249
4.383789
4.410067
4.435355
4.458693
4.480596
4.500340
4.518702
4.536253
4.550653
4.563746
4.574742
4.585108
4.594253
4.602715
4.609844
4.616554
4.623226
4.629550
4.635527
4.641190
4.646667
4.651632
4.656049
4.659788
4.662586
4.664420
4.680795
4.553711
4.500871
4.443291
4.381471
4.315659
4.243711
4.165005
4.079170
3.985051
3.883550
3.775209
3.662473
3.549353
3.437409
3.325549
3.211723
3.094343
2.971350
2.840565
2.702738
2.549981
2.394092
2.260328
2.158475
2.087882
2.038223
2.000355
0.370655
3.374530
1.844921
1.749392
-0.024739
-2.457333
-2.527000
-2.605876
-2.682458
-2.762546
-2.850248
-2.945437
-3.044551
-3.137647
-3.230765
-3.321177
-3.410953
-3.494459
-3.574228
-3.649120
-3.717391
-3.780323
-3.840006
-3.894550
-3.946111
-3.993950
-4.039232
-4.082960
-4.124062
-4.166274
-4.203675
-4.239138
-4.275258
-4.309456
-4.341900
-4.373260
-4.402785
-4.431613
-4.458878
-4.484823
-4.509017
-4.531102
-4.551189
-4.570305
-4.587018
-4.601347
-4.612831
-4.622999
-4.632400
-4.640795
-4.648758
-4.656074
-4.661746
-4.665504
-4.669221
-4.673971
-4.678985
-4.684233
-4.688501
-4.692087
-4.695124
-4.697385
-4.714144
-4.603159
-4.556793
-4.505288
-4.446574
-4.379818
-4.306875
-4.228234
-4.143049
-4.051645
-3.954363
-3.852152
-3.747541
-3.643603
-3.540421
-3.436233
-3.330159
-3.221507
-3.110251
-2.995296
-2.873927
-2.747521
-2.617548
-2.488975
-2.365609
-2.250436
-2.151986
-2.083468
-2.039004
-1.998160
-1.959196
-0.166121
2.343763
2.403927
2.469004
2.539097
2.614942
2.695999
2.781561
2.870964
2.963290
3.057192
3.150168
3.242237
3.330723
3.416225
3.495727
3.569653
3.638504
3.703990
3.764936
3.821666
3.874522
3.924090
3.970817
4.015334
4.057957
4.097849
4.136878
4.173944
4.209676
4.243969
4.276298
4.307749
4.337152
4.365150
4.392658
4.418682
4.443494
4.466348
4.488260
4.509259
4.527491
4.544533
4.559269
4.572845
4.584665
4.593891
4.602670
4.610735
4.617986
4.623988
4.629713
4.635248
4.640495
4.645539
4.650392
4.654924
4.659022
4.662791
4.665928
4.668262
4.669832
4.670506
4.677399
4.517072
4.471008
4.417010
4.353730
4.287371
4.217886
4.140912
4.052748
3.954073
3.850747
3.748164
3.648232
3.549633
3.448077
3.339195
3.225685
3.111249
2.996390
2.882420
2.767919
2.650933
2.530806
2.399226
2.277620
2.184362
2.108853
2.048941
2.000846
1.963499
0.195576
3.200129
1.746142
-0.101665
-2.541027
-2.610805
-2.687192
-2.768009
-2.853458
-2.941831
-3.035156
-3.133536
-3.230404
-3.317257
-3.407528
-3.489393
-3.566079
-3.636575
-3.699331
-3.760494
-3.817676
-3.872320
-3.924117
-3.972911
-4.020862
-4.063596
-4.107872
-4.150549
-4.190211
-4.227128
-4.261890
-4.295504
-4.327964
-4.359316
-4.389467
-4.417080
-4.444085
-4.468878
-4.492588
-4.514799
-4.535527
-4.555155
-4.572447
-4.589016
-4.601962
-4.613601
-4.623975
-4.633384
-4.641953
-4.649958
-4.657050
-4.662614
-4.666589
-4.670214
-4.673862
-4.677988
-4.682673
-4.686958
-4.690725
-4.693863
-4.696379
-4.698035
-4.711760
-4.581842
-4.529942
-4.472018
-4.407511
-4.336102
-4.255283
-4.164967
-4.068797
-3.968952
-3.866717
-3.760702
-3.651574
-3.543759
-3.437669
-3.330860
-3.220346
-3.106618
-2.992227
-2.877442
-2.759479
-2.637497
-2.515584
-2.398040
-2.287673
-2.186944
-2.100326
-2.041877
-2.007685
-0.292733
2.270602
2.324905
2.384514
2.449238
2.519771
2.595575
2.676919
2.762303
2.852378
2.945648
3.040391
3.135535
3.229267
3.320348
3.406444
3.488132
3.563154
3.632456
3.698279
3.759507
3.816889
3.869806
3.919656
3.966529
4.011373
4.053564
4.094301
4.133785
4.170904
4.206724
4.240928
4.273777
4.305568
4.335255
4.363784
4.390481
4.416591
4.441859
4.464918
4.486527
4.506391
4.524924
4.542599
4.557409
4.571119
4.583215
4.592917
4.601957
4.609352
4.616017
4.622356
4.628797
4.635078
4.641100
4.646901
4.652212
4.657111
4.661445
4.665238
4.668221
4.670215
4.671233
4.680698
4.529058
4.480253
4.425731
4.363432
4.293811
4.214730
4.123796
4.025357
3.926216
3.829842
3.739985
3.660988
3.594167
3.540237
3.500774
1.194364
-1.822897
-1.846570
-1.871853
-1.897525
-1.923197
-1.949809
-1.977213
-2.005424
-2.034199
-2.063866
-2.094099
-2.124964
-2.156184
-2.187942
-2.219992
-2.252293
-2.284797
-2.318281
-2.350274
-2.383730
-2.415808
-2.448794
-2.482465
-2.515072
-2.547613
-2.580331
-2.612781
-2.645243
-2.677104
-2.709511
-2.977287
-3.287905
-3.344760
-3.407847
-3.474069
-3.543370
-3.617448
-3.700427
-3.789433
-3.886688
-3.980297
-4.057245
-4.126855
-4.189732
-4.245102
-4.294674
-4.338536
-4.376656
-4.417673
-4.511523
-4.613146
-4.651951
-6.876192
-3.479028
-3.858106
-0.744118
-3.581921
-3.616170
-3.651285
-3.687849
-3.724788
-3.761611
-3.799154
-3.833763
-3.871162
-3.908802
-3.946106
-3.983132
-4.019524
-4.055851
-4.089849
-4.123268
-4.157292
-4.190210
-4.223778
-4.256526
-4.288908
-4.320669
-4.350629
-4.379063
-4.406636
-4.433476
-4.458447
-4.482000
-4.504210
-4.525540
-4.545343
-4.562997
-4.580165
-4.596807
-4.610171
-4.622364
-4.633205
-4.643063
-4.651947
-4.660051
-4.667316
-4.673923
-4.679516
-4.683395
-4.685518
-4.686866
-4.688302
-4.690422
-4.693152
-4.696409
-4.699530
-4.702209
-4.704464
-4.706453
-4.708223
-4.709797
-4.711288
-4.712521
-4.713823
-4.715065
-4.716210
-4.717219
-4.718109
-4.718891
-4.719489
-4.719845
-4.719826
-4.719578
-4.719363
-4.719331
-4.719489
-4.719805
-4.720191
-4.720561
-4.720862
-4.721082
-4.721284
-4.721523
-4.721797
-4.722072
-4.722350
-4.722615
-4.722818
-4.722962
-4.723063
-4.723141
-4.723212
-4.723278
-4.723344
-4.723421
-4.723493
-4.723570
-4.723664
-4.723743
-4.723803
-4.723850
-4.723895
-4.723956
-4.724042
-4.724144
-4.724258
-4.724371
-4.724483
-4.724616
-4.724776
-4.725064
-4.725656
-4.726729
-4.728402
-4.736532
-4.887451
-4.934672
-4.985732
-5.042660
-5.102283
-5.164593
-5.231350
-5.288224
-5.331067
-5.366940
-8.026147
-4.835323
-4.849135
-4.863766
-4.878716
-4.894172
-4.909791
-4.926154
-4.942627
-4.959472
-4.976835
-4.994722
-5.012999
-5.031798
-5.050901
-5.070334
-5.090116
-5.110326
-5.130663
-5.151502
-5.172317
-5.193657
-5.214879
-5.236413
-5.258082
-5.279795
-5.301672
-5.323447
-5.345262
-5.367303
-5.389009
-5.410591
-5.432198
-5.453750
-5.475654
-5.497312
-5.518843
-5.540196
-5.560508
-5.579557
-5.597657
-5.615043
-5.632102
-5.647523
-5.661988
-5.674850
-5.687792
-5.698466
-5.708467
-5.717814
-5.726801
-5.735209
-5.743451
-5.751606
-5.759393
-5.766718
-5.773550
-5.780123
-5.786241
-5.792085
-5.797655
-5.802964
-5.808016
-5.812793
-5.817320
-5.821604
-5.825727
-5.829700
-5.833493
-5.837133
-5.840505
-5.843760
-5.846878
-5.849845
-5.852720
-5.855505
-5.858173
-5.860783
-5.863333
-5.865885
-5.868430
-5.870943
-5.873482
-5.875959
-5.878458
-5.880934
-5.883449
-5.886008
-5.888572
-5.891169
-5.893824
-5.896486
-5.899188
-5.901969
-5.904802
-5.907684
-5.910686
-5.913695
-5.916857
-5.920029
-5.923275
-5.926567
-5.929862
-5.933139
-5.936463
-5.939753
-5.943016
-5.946261
-5.949437
-5.952650
-5.955794
-5.958902
-5.962079
-5.965223
-5.968407
-5.971568
-5.974680
-5.977792
-5.980792
-5.983815
-5.986810
-5.989760
-5.992674
-5.995520
-5.998306
-6.001076
-6.003720
-6.006281
-6.008724
-6.011087
-6.013447
-6.015754
-6.018079
-6.020412
-6.022766
-6.025116
-6.027390
-6.029634
-6.031856
-6.034025
-6.036216
-6.038382
-6.040540
-6.042672
-6.044758
-6.046750
-6.048740
-6.050634
-6.052516
-6.054329
-6.056081
-6.057868
-6.059628
-6.061370
-6.063098
-6.064809
-6.066520
-6.068238
-6.069965
-6.071750
-6.073530
-6.075301
-6.077103
-6.078944
-6.080862
-6.082833
-6.084898
-6.087063
-6.089227
-6.091444
-6.093712
-6.095967
-6.098262
-6.100625
-6.103045
-6.105558
-6.108119
-6.110796
-6.113551
-6.116315
-6.119162
-6.122018
-6.124807
-6.127542
-6.130200
-6.132842
-6.135496
-6.138118
-6.140732
-6.143270
-6.145801
-6.148261
-6.150668
-6.153035
-6.155367
-6.157611
-6.159846
-6.162044
-6.164216
-6.166324
-6.168367
-6.170436
-6.172517
-6.174682
-6.176912
-6.179147
-6.181419
-6.183644
-6.185845
-6.188082
-6.190308
-6.192592
-6.194900
-6.197211
-6.199497
-6.201680
-6.203804
-6.205876
-6.207836
-6.209738
-6.211601
-6.213412
-6.215160
-6.216823
-6.218457
-6.220102
-6.221738
-6.223327
-6.224881
-6.226374
-6.227894
-6.229402
-6.230941
-6.232524
-6.234172
-6.235864
-6.237584
-6.239316
-6.241109
-6.242897
-6.244723
-6.246578
-6.248453
-6.250343
-6.252212
-6.254056
-6.255949
-6.257817
-6.259724
-6.261679
-6.263617
-6.265555
-6.267447
-6.269297
-6.271099
-6.272837
-6.274619
-6.276459
-6.278323
-6.280209
-6.282076
-6.283950
-6.285786
-6.287607
-6.289416
-6.291286
-6.293150
-6.295026
-6.296931
-6.298963
-6.301052
-6.303176
-6.305362
-6.307578
-6.309738
-6.311830
-6.313820
-6.315747
-6.317666
-6.319601
-6.321710
-6.323932
-6.326230
-6.328553
-6.330944
-6.333450
-6.336046
-6.338680
-6.341449
-6.344344
-6.347355
-6.350436
-6.353634
-6.356996
-6.360594
-6.364331
-6.368277
-6.372397
-6.376639
-6.381078
-6.385626
-6.390371
-6.395129
-6.400054
-6.405462
-6.410896
-6.416488
-6.422220
-6.428223
-6.434341
-6.440633
-6.447134
-6.453742
-6.460557
-6.467505
-6.474783
-6.482120
-6.489746
-6.497332
-6.505360
-6.513326
-6.521368
-6.529552
-6.538029
-6.546705
-6.555759
-6.564996
-6.574562
-6.584575
-6.594449
-6.604363
-6.614492
-6.624696
-6.635036
-6.645270
-6.655651
-6.666196
-6.676640
-6.687244
-6.697901
-6.708701
-6.719536
-6.730502
-6.741308
-6.752299
-6.763193
-6.774063
-6.785100
-6.796213
-6.807416
-6.818528
-6.829664
-6.840543
-6.851296
-6.862502
-6.873674
-6.884988
-6.896170
-6.907533
-6.918667
-6.929830
-6.941119
-6.952305
-6.963571
-6.974771
-6.986257
-6.997572
-7.008865
-7.019892
-7.031275
-7.042535
-7.053621
-7.064731
-7.076012
-7.087352
-7.098707
-7.109984
-7.121254
-7.132519
-7.143716
-7.154966
-7.166232
-7.177515
-7.188900
-7.200244
-7.211486
-7.222854
-7.234093
-7.245411
-7.256658
-7.267953
-7.279210
-7.290601
-7.301765
-7.313103
-7.324489
-7.335727
-7.346976
-7.358334
-7.369615
-7.380883
-7.392076
-7.403303
-7.414648
-7.425822
-7.436996
-7.448231
-7.459488
-7.470777
-7.482079
-7.493209
-7.504461
-7.515662
-7.526804
-7.537910
-7.549068
-7.560269
-7.571930
-7.583161
-7.594308
-7.605939
-7.617509
-7.629230
-7.641214
-7.653650
-7.763267
-8.081868
-8.132071
-8.191548
-8.262582
-8.338435
-8.416328
-8.497055
-8.584538
-8.681732
-8.798749
-8.918180
-9.022606
-9.111725
-9.188922
-9.258525
-9.327982
-9.413368
-3.227510
-3.326424
-3.418210
-3.499611
-3.579463
-3.677077
-3.778557
-3.873322
-3.985720
-4.108618
-4.226561
-4.328187
-4.411271
-4.488349
-4.562232
-4.614996
-6.440250
-8.923199
-8.997045
-9.076766
-9.160941
-9.245236
-9.332023
-9.417695
-3.217840
-3.985828
-4.414293
-4.348455
-4.278716
-4.202594
-4.119865
-4.031006
-3.935517
-3.834704
-3.729248
-3.620393
-3.508905
-3.395689
-3.281521
-3.165956
-3.049336
-2.930534
-2.810715
-2.689410
-2.566745
-2.448857
-2.330441
-2.216046
-2.110569
-2.007287
-1.910244
-1.821372
-1.739152
-1.679517
-0.040807
2.559295
2.590472
2.632006
2.682571
2.742760
2.815075
2.894785
2.984452
3.931983
4.421288
4.359925
4.279671
4.185410
4.093967
3.999485
3.902863
3.804019
3.712635
3.622039
3.525712
3.434414
3.345712
3.257576
3.170688
3.070075
2.951679
2.844119
2.755076
2.671105
2.583296
2.488765
2.392041
2.294447
2.193405
2.087448
1.980819
1.879679
1.785831
1.700072
1.628676
1.576135
-0.228175
-2.716777
-2.777051
-2.847843
-2.921881
-3.007369
-3.094265
-3.182171
-3.270291
-3.361481
-4.146637
-4.512089
-4.447665
-4.373171
-4.293195
-4.205067
-4.109731
-4.010353
-3.906798
-3.801312
-3.692718
-3.580660
-3.465897
-3.350047
-3.236286
-3.125702
-3.016937
-2.910029
-2.807082
-2.709534
-2.617012
-2.526868
-2.438142
-2.344895
-2.255845
-2.176185
-2.094852
-2.012085
-1.928684
-1.847711
-1.773209
-1.706701
-1.662222
0.220736
2.633246
2.701751
2.778398
2.868251
2.960276
3.056877
3.945026
4.450348
4.395527
4.327573
4.255409
4.177481
4.088682
3.989292
3.885005
3.778454
3.669946
3.561114
3.454090
3.349191
3.244861
3.141250
3.037679
2.933698
2.829610
2.726291
2.626618
2.530962
2.437507
2.343188
2.236718
2.117202
2.005893
1.909501
1.821692
1.741871
1.672068
1.616426
1.575443
-0.239593
-2.702111
-2.758771
-2.821274
-2.897050
-2.978649
-3.068765
-3.165009
-3.260166
-4.105902
-4.502034
-4.440915
-4.367000
-4.286642
-4.198528
-4.104534
-4.007512
-3.910904
-3.816600
-3.726205
-3.644608
-3.580985
-3.534177
-3.496843
-1.021735
-3.980163
-3.991990
-4.002273
-4.011235
-4.018683
-4.024447
-4.028355
-4.030538
-4.030299
-4.027590
-4.022240
-3.780775
-3.106831
-3.062630
-3.020442
-0.497659
2.355167
2.383050
2.411479
2.442282
2.474655
2.508900
2.543943
2.578451
2.615823
2.648730
2.683404
2.715108
3.037537
3.048287
3.003845
2.963995
-0.062399
2.868313
2.888825
2.906648
2.925932
2.944270
2.961807
2.978324
2.994292
3.008678
3.021779
3.033666
3.066201
3.133758
3.173397
3.214786
3.255931
3.293789
6.237458
3.110379
3.118984
3.126820
3.134090
3.140814
3.146939
3.152192
3.156725
3.160049
3.161971
3.161249
3.114732
3.075652
3.035052
2.996482
0.003563
3.131140
3.122772
3.114369
3.106237
3.098436
3.090977
3.084488
3.078841
3.074425
3.071330
3.069673
3.072607
3.129284
3.169533
3.208492
6.226097
3.093518
3.101967
3.111279
3.120027
3.128395
3.136117
3.143089
3.149209
3.154500
3.158753
3.161806
3.163472
3.160472
6.301855
3.154367
3.022424
2.978045
0.000428
3.132536
3.123791
3.115280
3.106853
3.098895
3.091547
3.084948
3.079023
3.074237
3.070735
3.068574
3.067878
3.067402
3.154364
3.197180
3.242102
3.284604
6.232682
3.104541
3.113255
3.121590
3.129498
3.136785
3.143390
3.149112
3.153725
3.157202
3.159186
3.159682
3.158251
3.072766
3.029105
0.008368
3.139143
3.131131
3.123422
3.115690
3.108224
3.101032
3.094228
3.087794
3.081469
3.075879
3.070723
3.066316
3.062570
3.059598
3.057696
3.056805
3.056886
3.057653
3.059149
3.061117
3.063568
3.066142
3.068792
3.071337
3.073710
3.075738
3.077346
3.078496
3.079172
3.079402
3.079175
3.078436
3.077140
3.075262
3.072824
3.071195
3.069469
3.068425
3.068077
3.068267
3.069141
3.070532
3.072746
3.075746
3.079647
3.084632
3.090642
3.097865
3.106290
3.115646
3.125880
3.137032
3.148765
3.160958
3.173569
3.186548
3.199922
3.213431
3.227895
3.242484
3.257671
3.273242
3.289046
3.305327
3.321597
3.338239
3.354900
3.372194
3.388956
3.405675
3.422497
3.439234
3.456124
3.473305
3.490715
3.508322
3.525648
3.543054
3.560801
3.578496
3.596224
3.613979
3.632037
3.649916
3.667665
3.685929
3.703873
3.722014
3.740217
3.758268
3.776188
3.794099
3.812129
3.830100
3.847916
3.866073
3.884134
3.902023
3.919938
3.937932
3.955925
3.973973
3.992131
4.010240
4.028066
4.045896
4.063629
4.081191
4.098936
4.116703
4.134472
4.152256
4.170028
4.187774
4.205307
4.223044
4.240750
4.258809
4.276420
4.294161
4.312135
4.330296
4.348027
4.364898
4.380743
4.395674
4.544465
4.607273
4.563102
4.512292
4.452840
4.386750
4.319322
4.240554
4.155028
4.073245
3.986358
3.895669
3.809151
3.729401
3.654544
3.586860
3.528089
3.478615
3.438028
1.116399
-1.931823
-1.949945
-1.968922
-1.990064
-2.011487
-2.033483
-2.056945
-2.081580
-2.107092
-2.133736
-2.161126
-2.189458
-2.218500
-2.249386
-2.645912
0.468594
-2.349918
-2.385398
-2.419772
-2.453230
-2.487827
-2.520964
-2.554234
-2.587872
-2.621746
-2.655776
-2.689155
-2.721462
-2.752129
-2.781742
-2.810201
-2.837523
-2.864158
-2.890047
-2.913963
-2.936233
-2.957499
-2.978510
-2.997656
-3.015558
-3.031964
-3.046049
-3.059066
-3.070744
-3.080848
-3.089804
-3.097553
-3.104573
-3.110812
-3.116521
-3.121691
-3.126682
-3.131391
-3.136058
-3.140183
-3.143778
-3.147063
-3.150095
-3.152852
-3.155354
-3.157600
-3.159647
-3.161458
-3.162885
-3.163541
-3.163593
-3.163600
-3.163919
-3.164669
-3.165730
-3.166934
-3.167775
-3.168313
-3.168678
-3.169026
-3.169589
-3.170652
-3.175628
-3.290920
-3.336497
-3.385785
-3.440871
-3.503952
-3.575482
-3.652407
-3.731969
-3.816223
-3.905068
-3.994809
-4.080584
-4.159626
-4.230522
-4.292967
-4.349241
-4.400522
-4.447083
-4.491046
-4.533984
-4.575160
-4.613492
-4.650565
-4.693522
-4.732026
-7.074128
-3.655523
-3.689209
-3.723755
-3.759070
-3.795014
-3.830955
-3.867096
-3.903168
-3.939218
-3.974710
-4.010002
-4.044902
-4.078717
-4.111466
-4.143105
-4.173556
-4.202784
-4.230463
-4.257234
-4.282849
-4.305158
-4.329152
-4.349428
-4.368154
-4.385796
-4.402443
-4.418378
-4.434045
-4.448392
-4.461413
-4.474013
-4.485180
-4.495574
-4.503933
-4.511344
-4.517667
-4.522920
-4.527554
-4.531597
-4.535092
-4.538076
-4.540685
-4.542963
-4.544964
-4.546742
-4.548400
-4.550035
-4.551203
-4.552409
-4.553918
-4.555638
-4.557884
-4.560651
-4.564204
-4.568445
-4.621162
-5.065729
-5.103857
-5.140949
-7.830675
-4.613665
-4.624766
-4.637274
-4.805877
-1.676967
-4.680251
-4.697128
-4.715007
-4.733987
-4.753834
-4.774739
-4.795979
-4.818123
-4.840723
-4.863611
-4.885553
-4.907291
-4.928575
-4.949140
-4.968779
-4.987978
-5.006245
-5.023378
-5.039722
-5.054631
-5.068614
-5.081284
-5.092525
-5.102893
-5.112045
-5.120258
-5.127285
-5.133295
-5.138062
-5.141854
-5.144775
-5.146998
-5.147819
-5.148491
-5.148983
-5.148890
-5.148390
-5.147400
-5.145839
-5.143815
-5.141401
-5.138500
-5.135282
-5.131732
-5.127893
-5.123814
-5.119625
-5.115220
-5.110872
-5.106369
-5.101978
-5.097720
-5.093817
-5.090405
-5.087509
-5.085213
-5.083945
-5.083231
-5.074992
-8.215798
-5.087160
-5.090362
-5.094613
-5.159227
-2.022470
1.082115
0.589082
-2.090369
-5.141416
-5.153414
-5.166744
-5.181016
-5.196511
-5.212780
-5.230106
-5.247989
-5.266357
-5.285967
-5.305461
-5.325447
-5.345295
-5.364638
-5.384826
-5.403593
-5.421652
-5.439141
-5.455913
-5.471755
-5.486960
-5.501096
-5.514105
-5.526103
-5.536913
-5.546702
-5.555356
-5.563112
-5.569547
-5.574763
-5.579011
-5.581872
-5.584172
-5.586210
-5.587903
-5.589372
-5.590206
-5.590651
-5.590513
-5.589739
-5.588627
-5.587151
-5.585451
-5.583614
-5.581514
-5.579111
-5.576445
-5.573630
-5.570616
-5.567531
-5.564400
-5.561337
-5.558327
-5.555688
-5.494455
-8.631128
-5.550534
-5.550080
-5.550426
-5.550990
-5.552813
-5.577827
-2.438003
0.670406
3.808006
6.913818
6.431168
3.742598
0.681724
0.670968
0.658908
0.645598
0.631851
0.616324
0.600303
0.582552
0.564619
0.546158
0.527277
0.507643
0.487710
0.467251
0.446823
0.427631
0.409270
0.392122
0.375331
0.359694
0.344699
0.330493
0.317380
0.305297
0.294403
0.284816
0.276189
0.268557
0.261908
0.256346
0.251418
0.247382
0.243784
0.240034
0.236308
0.232650
0.254421
0.334100
0.294579
0.257357
-2.874948
0.209150
0.205522
0.202357
0.199530
0.197152
0.195191
0.193757
0.192791
0.192198
0.192078
0.192178
0.192580
0.193288
0.193928
0.194946
0.195848
0.197038
0.197853
0.198423
0.198701
0.198671
0.198298
0.197559
0.196468
0.194937
0.192873
0.190263
0.187108
0.183273
0.178766
0.173575
0.167722
0.161153
0.153943
0.146056
0.137598
0.128505
0.118910
0.108623
0.098541
0.087413
0.077569
0.067863
0.058753
0.050361
0.042747
0.035690
0.029319
0.023818
0.018551
0.013759
0.009248
0.005092
0.001309
-0.002155
-0.005430
-0.008459
-0.011340
-0.013973
-0.016183
-0.018128
-0.019863
-0.021430
-0.022868
-0.024202
-0.025481
-0.026679
-0.027805
-0.028808
-0.029679
-0.030448
-0.031174
-0.031874
-0.032563
-0.033218
-0.033819
-0.034354
-0.034822
-0.035225
-0.035600
-0.035962
-0.036272
-0.036536
-0.036793
-0.037019
-0.037193
-0.037348
-0.037517
-0.037719
-0.037925
-0.038132
-0.038352
-0.038557
-0.038718
-0.038846
-0.038953
-0.039066
-0.039168
-0.039214
-0.039232
-0.039258
-0.039306
-0.039358
-0.039404
-0.039463
-0.039533
-0.039619
-0.039740
-0.039861
-0.039958
-0.040054
-0.040146
-0.040224
-0.040306
-0.040377
-0.040412
-0.040427
-0.040471
-0.040559
-0.040671
-0.040776
-0.040860
-0.040940
-0.040998
-0.041022
-0.041060
-0.041123
-0.041220
-0.041348
-0.041471
-0.041590
-0.041692
-0.041743
-0.041760
-0.041792
-0.041848
-0.041898
-0.041916
-0.041900
-0.041856
-0.041816
-0.041797
-0.041779
-0.041762
-0.041761
-0.041793
-0.041852
-0.041898
-0.041950
-0.042048
-0.042157
-0.042173
-0.042118
-0.042109
-0.042166
-0.042239
-0.042285
-0.042286
-0.042274
-0.042254
-0.042195
-0.042122
-0.042070
-0.042018
-0.041972
-0.041967
-0.042009
-0.042037
-0.042030
-0.042020
-0.042026
-0.042041
-0.042059
-0.042104
-0.042193
-0.042282
-0.042341
-0.042372
-0.042380
-0.042380
-0.042392
-0.042450
-0.042575
-0.042708
-0.042795
-0.042825
-0.042867
-0.043143
-0.043896
-0.045297
-0.051852
-0.187005
-0.234031
-0.287784
-0.346428
-0.410781
-0.479772
-0.546343
-0.603698
-0.648918
-3.314525
-6.420213
-6.432457
-6.413779
-6.425161
-6.437096
-6.449445
-6.462384
-6.637413
-6.732187
-6.681893
-6.623377
-6.555728
-6.478370
-6.390303
-6.295013
-6.194918
-6.091797
-5.990082
-5.894214
-5.810491
-5.736609
-5.693326
-3.187128
-0.287255
-0.240687
-0.176278
-0.094654
-0.011765
0.365851
0.456934
0.381358
0.313827
0.265234
-2.675577
-5.815381
-5.813466
-5.839076
-5.878124
-5.925727
-5.983570
-6.043394
-6.091370
-6.121285
-6.143485
-6.165233
-6.188242
-6.205384
-6.218291
-6.231399
-6.244342
-6.256016
