-0.000355
0.000978
-0.001143
-0.002388
0.000011
-0.000181
-0.000547
-0.002795
-0.013194
-0.037744
-0.080348
-0.063311
0.042040
0.088085
0.086749
0.121245
0.064342
0.006940
-0.029405
-0.055208
-0.062061
-0.052151
-0.037827
-0.026144
-0.016641
-0.007650
0.001051
0.009473
0.019616
0.027198
0.028765
0.023124
0.004324
-0.068444
-0.211612
-0.320218
-0.369526
-0.333453
-0.227648
-0.086106
-0.033390
-0.018773
-0.007102
0.002798
0.013151
0.021744
0.025705
0.023047
0.018905
0.013936
0.008390
0.001467
-0.005724
-0.011794
-0.017927
-0.022541
-0.025787
-0.026802
-0.025959
-0.023652
-0.020101
-0.014599
-0.007587
-0.000382
0.007495
0.017944
0.027652
0.034588
0.035768
0.031433
0.025254
0.019019
0.012130
0.003683
-0.003814
-0.011579
-0.016561
-0.017931
-0.016750
-0.012241
-0.008275
-0.010597
-0.028442
-0.110302
-0.232995
-0.301536
-0.326623
-0.286952
-0.177550
-0.061761
-0.023674
-0.015835
-0.010591
-0.007250
-0.005381
-0.003810
-0.002698
-0.001648
-0.000797
-0.000162
0.000344
0.000354
0.000521
0.000360
0.000533
0.000771
0.000643
0.000443
-0.000155
-0.000473
-0.000723
-0.000460
-0.000062
0.000034
0.000293
0.000116
0.000090
0.000103
0.000353
0.000286
-0.000059
-0.000149
-0.000624
-0.000621
-0.000761
-0.000600
-0.000322
-0.000352
-0.000135
-0.000318
-0.000540
-0.001071
-0.001045
-0.000524
0.000040
0.000597
0.000452
0.000471
0.000573
0.000920
0.001448
0.001500
0.001233
0.000618
-0.000043
-0.000884
-0.001514
-0.001903
-0.002484
-0.002416
-0.002521
-0.002135
-0.001448
-0.000911
-0.000486
-0.000311
0.000434
0.000639
0.000751
0.000748
0.000743
0.000705
0.000134
-0.000327
-0.000721
-0.000596
-0.000909
-0.001114
-0.000797
-0.000935
-0.000804
-0.000814
-0.000700
-0.000567
-0.000673
-0.000705
-0.003554
-0.018009
-0.048250
-0.154020
-0.316136
-0.849670
-0.964031
-0.262612
-0.070167
0.052458
0.017661
-0.014503
-0.119538
-0.187396
-0.115265
-0.043170
-0.027927
-0.019115
-0.012071
-0.007395
-0.004833
-0.003843
-0.002630
-0.001596
-0.001247
-0.000821
-0.000582
-0.000040
0.000056
-0.000164
0.000161
0.000102
0.000337
-0.000334
-0.001140
-0.000735
-0.000448
0.000093
0.000329
0.000298
0.000448
0.000667
0.000543
0.000401
0.000817
0.000554
0.000141
-0.000387
-0.001097
-0.001369
-0.001528
-0.001342
-0.001306
-0.000897
-0.000504
-0.000294
-0.000072
-0.000531
0.000004
0.000720
0.000492
0.000091
-0.000148
-0.000082
-0.000231
-0.000362
-0.000460
-0.000308
-0.000256
-0.000393
-0.000264
-0.000401
-0.000525
-0.000447
-0.000213
-0.000167
-0.000222
-0.000483
-0.000701
-0.000169
0.000410
0.000284
-0.000255
-0.000315
-0.000530
-0.000322
-0.000185
-0.000687
0.001619
0.015361
0.040950
0.122486
0.280724
0.428962
1.182791
1.640422
0.428994
0.015931
-0.247019
-0.922731
-0.788303
-0.308338
-0.107102
0.056518
0.180339
0.304218
0.431338
0.502613
0.478470
0.389825
0.282240
0.149161
-0.063182
-0.205712
-0.299628
-0.386655
-0.459717
-0.431493
-0.382587
-0.288560
-0.131614
0.059496
0.198892
0.301001
0.360983
0.384043
0.387336
0.361804
0.295243
0.175551
-0.050444
-0.250915
-0.828112
-0.988904
-0.371548
-0.232301
-0.063043
-0.014435
-0.022800
-0.015140
0.001448
0.027530
0.103477
0.252060
0.414728
0.646981
0.655268
0.448290
0.297356
0.163901
0.066992
0.025195
0.018709
0.010025
-0.007772
-0.083948
-0.247249
-0.413887
-1.139895
-0.713637
-0.303989
-0.136389
-0.030164
-0.022710
-0.024956
-0.014114
0.001374
0.028546
0.104486
0.254388
0.412923
0.644091
0.652459
0.449797
0.301141
0.164705
0.066062
0.024211
0.016966
0.009438
-0.007577
-0.039894
-0.143593
-0.300279
-0.839025
-1.037973
-0.387786
-0.236838
-0.067962
-0.027458
-0.027707
-0.015237
-0.005493
0.015500
0.085596
0.229155
0.383247
0.619170
0.678949
0.475816
0.320386
0.183524
0.076135
0.028284
0.020291
0.013224
-0.000335
-0.028192
-0.121942
-0.245997
-0.311692
-0.325408
-0.310257
-0.316238
-0.322791
-0.350845
-0.333171
-0.259786
-0.118691
-0.037053
-0.028481
-0.021887
-0.013206
-0.013026
-0.015301
-0.016948
-0.015741
-0.013199
-0.010797
-0.006617
-0.000521
0.007705
0.014712
0.019771
0.022996
0.022489
0.010139
-0.017628
-0.077278
-0.162680
-0.227903
-0.242988
-0.202888
-0.094261
-0.040948
-0.031186
-0.023562
-0.018214
-0.013777
-0.011532
-0.010946
-0.010423
-0.011072
-0.012018
-0.013232
-0.014633
-0.015251
-0.015615
-0.015482
-0.014215
-0.013535
-0.012107
-0.010497
-0.009001
-0.008146
-0.007355
-0.007468
-0.007926
-0.008034
-0.008551
-0.009103
-0.010489
-0.012315
-0.012983
-0.012658
-0.011969
-0.010893
-0.009953
-0.009711
-0.010089
-0.009827
-0.009199
-0.008429
-0.007658
-0.007239
-0.007473
-0.008481
-0.009512
-0.009470
-0.009029
-0.008667
-0.008482
-0.008747
-0.009412
-0.010236
-0.010132
-0.009815
-0.011315
-0.014064
-0.017425
-0.020969
-0.024606
-0.029468
-0.033613
-0.037883
-0.041426
-0.044540
-0.071627
-0.073958
-0.050514
-0.050372
-0.051089
-0.049652
-0.049405
-0.075870
-0.077324
-0.051181
-0.078456
-0.103242
-0.077565
-0.051336
-0.051968
-0.051197
-0.054180
-0.064153
-0.153494
-0.306822
-0.619666
5.153465
-0.216061
0.019889
0.450058
0.596158
0.191529
-0.054834
-0.650082
-0.528418
-0.045479
0.265419
0.646159
0.371926
0.025463
-0.227654
-0.678879
-0.347707
-0.125378
0.119590
0.312187
0.192731
0.066944
0.029102
0.036504
0.032821
0.013972
-0.012689
-0.030910
-0.027012
-0.004620
0.016748
0.029449
0.026803
0.003028
-0.024458
-0.033159
-0.020434
0.002206
0.022401
0.029559
0.018935
-0.006733
-0.026841
-0.027209
-0.013294
-0.001777
0.001335
-0.000873
-0.009478
-0.014688
-0.007564
0.009823
0.032166
0.076957
0.131314
0.147219
0.152730
0.155372
0.155987
0.155260
0.152724
0.151166
0.117079
0.009067
-0.092209
-0.210819
-0.296159
-0.321920
-0.249698
-0.106674
-0.037366
-0.026122
-0.014989
-0.012381
-0.009268
-0.004558
-0.003590
-0.008154
-0.028192
-0.112080
-0.244890
-0.325874
-0.317952
-0.220110
-0.097197
-0.009827
0.002304
-0.017343
-0.094126
-0.191120
-0.209202
-0.135245
-0.032471
0.044400
0.063167
0.015924
-0.040811
-0.141469
-0.192635
-0.146261
-0.049959
0.030603
0.054919
0.016571
-0.036133
-0.133106
-0.190008
-0.146543
-0.054839
-0.002935
0.002075
0.006850
0.007316
0.002218
-0.005664
-0.033626
-0.085405
-0.066339
-0.026523
-0.017573
-0.012050
-0.007475
-0.005208
-0.003345
-0.002202
-0.001411
-0.001062
-0.001022
-0.000641
-0.000285
-0.000238
-0.000293
-0.000197
-0.000243
-0.000302
0.000084
0.000098
0.000180
0.000401
