30.566179
30.563104
30.309528
30.224274
45.407812
30.225128
30.316028
30.285493
30.301992
30.200504
59.686472
59.630483
58.744072
56.855186
56.638482
58.546748
30.015834
30.104940
30.025988
30.056339
30.201517
30.344715
30.344870
30.413271
30.423359
30.474193
30.394262
30.287761
30.276370
30.271581
30.231731
30.281252
30.305306
58.712511
52.908352
48.822608
49.913117
55.410996
59.816271
30.315692
30.354117
30.388009
30.407726
30.343409
30.343820
30.259972
30.213447
30.219282
30.243112
30.305393
30.372007
30.349369
30.342797
30.342844
30.338100
30.295918
30.399587
30.449061
30.408123
30.439992
30.419677
30.425324
30.508184
30.500657
30.379471
30.318786
30.195678
30.103970
30.101371
30.113985
30.200237
30.286044
30.251453
30.257240
30.257566
30.329187
30.358839
30.320757
30.405933
30.407597
30.451273
30.476534
30.416090
58.819751
53.801023
50.704467
51.847780
56.966846
60.245723
30.337397
30.361035
30.327225
30.400449
30.402716
30.412362
30.324806
30.349868
30.270755
30.204753
30.293948
30.296176
30.293812
30.294335
30.301814
30.280031
30.293413
30.268787
30.264793
30.264786
30.181372
30.185448
30.177443
30.102094
30.182051
30.191840
30.182643
30.198179
30.202776
30.198747
30.238446
30.234991
30.245344
30.231545
30.154428
30.164722
30.256710
30.250378
30.324038
30.316003
30.365498
30.355130
30.360828
30.356148
30.367623
30.444131
30.366445
30.374449
30.293256
30.302889
30.306744
30.329628
30.407407
30.427806
30.407261
30.406099
30.394983
30.463120
30.550876
30.632433
30.541079
30.610978
30.516353
30.518887
30.523636
30.444903
30.445511
30.370690
30.375248
30.280916
30.287245
30.288430
30.295379
30.285036
30.308584
30.337265
30.337771
30.336589
30.329098
30.333144
30.407980
30.408623
30.407557
30.489847
30.476611
30.431685
30.447165
30.477837
30.437930
30.153142
55.468912
40.083322
36.788503
36.393015
52.827534
57.906041
57.680372
57.947525
57.649378
56.935167
58.763629
30.223212
30.394926
30.437475
30.434197
30.421109
30.420584
30.333200
30.254560
30.260823
30.207045
30.234845
30.217661
30.198150
30.205058
30.214833
30.274080
30.285593
30.301711
30.310338
30.297680
30.292354
30.313007
30.306101
30.331394
30.404970
30.414158
30.407223
30.392243
30.399640
30.483050
30.503941
30.483916
30.485091
30.468990
30.466069
30.380714
30.457670
30.484707
30.476864
30.380891
30.294051
30.378638
30.397053
30.389650
30.321772
30.318934
30.322433
30.298282
30.374787
30.375360
30.378222
30.381096
30.366152
30.366160
30.356388
30.434632
30.349497
30.429429
30.344284
30.430569
30.426538
30.344282
30.331633
30.341414
30.358664
30.293096
30.302825
30.302251
30.325818
30.334428
30.355673
30.364882
30.362587
30.422343
30.461764
30.444076
30.270705
57.814078
49.347381
35.482425
34.141963
49.465325
52.610070
53.343812
36.948958
39.467312
42.100010
56.150083
30.232335
59.329579
55.629947
50.285473
46.179927
44.938315
47.495364
52.573508
57.310849
60.081781
58.136565
53.381987
50.412146
49.964411
49.594176
48.576379
49.840254
55.616149
60.054287
58.868692
55.890867
53.528920
52.197952
51.596968
51.531875
52.990504
55.825766
58.726151
55.742400
40.450474
35.715460
36.072434
52.314545
60.319910
30.459052
30.530084
30.574463
30.584100
30.565628
30.372304
58.626491
51.283010
39.478462
33.357612
39.243079
49.777669
57.448710
59.836108
30.164136
30.191694
30.224906
30.247114
30.222072
58.890621
48.483526
30.626392
37.820632
44.252544
57.811505
30.497602
30.553744
30.506232
30.580678
30.534276
30.574971
30.367826
58.574391
51.343821
39.674647
33.622153
39.359408
49.712738
57.248614
59.850042
30.162172
30.127945
30.165858
30.203801
30.256351
30.097128
55.853088
40.236623
35.514757
34.717381
51.406416
60.071153
30.381539
30.386419
30.386945
30.329851
30.274503
30.141329
58.741041
52.552244
40.974519
33.255788
37.722376
48.337365
56.861581
59.821532
30.122184
30.162299
30.139307
30.208203
30.215488
30.080222
57.551974
52.650118
50.317783
52.416324
56.947879
55.430181
51.278890
50.034093
53.469790
58.913706
30.337384
30.364712
30.388017
30.354635
30.342796
30.316294
30.235812
30.258836
30.268831
30.252343
30.276517
30.303388
30.355860
30.371646
30.263596
30.234359
30.230489
30.273528
30.343648
30.235982
58.941023
56.260073
55.293447
56.715292
59.258647
30.023771
30.128346
30.199534
30.303923
30.248963
30.259893
30.250566
30.249870
30.256659
30.255571
30.247254
30.256342
30.246246
30.162444
30.173138
30.102570
30.128317
30.216900
30.228380
30.302745
30.394321
30.389965
30.388897
30.376598
30.358116
30.357137
30.424787
30.418630
30.412267
30.334376
30.264807
30.263124
30.261599
30.268854
30.352444
30.342662
30.247422
30.164568
30.175495
30.194069
30.200055
30.286471
30.375571
30.365957
30.275639
30.290188
30.295116
30.299934
30.373197
30.436325
30.425538
30.427853
30.353417
30.362155
30.446053
30.422332
30.415901
30.404331
30.288035
30.249677
30.206908
30.067494
30.045620
30.015387
59.832174
30.007813
30.087349
30.111337
30.022819
30.012358
30.000650
59.912273
30.054614
30.034499
59.906153
59.889006
30.033921
30.053105
30.147105
30.127271
30.069644
30.004353
57.483139
45.832884
34.697936
30.111671
45.621972
44.546676
33.797033
40.818701
49.481228
40.058964
43.575500
44.245419
49.050512
37.630376
37.028865
47.459628
46.993521
32.026656
31.219212
45.242541
54.465799
53.205241
55.127480
58.717297
30.001991
30.144053
30.253698
30.196256
30.155979
30.143205
30.168818
30.126510
30.109261
30.104994
30.111999
30.099024
30.053601
30.085118
30.073478
30.046356
30.019670
30.099430
30.086914
30.056822
30.153768
30.190789
30.213406
30.176462
30.185371
30.227964
30.258711
30.189018
30.277596
30.394500
30.247624
30.178424
59.864809
59.546791
59.478632
59.478775
59.446101
59.591809
59.733126
59.637111
59.541173
60.070994
30.022457
57.081046
52.178425
50.212038
53.499151
58.630774
30.050063
30.204934
30.328557
30.322740
30.417976
30.434764
30.439427
30.401153
30.443596
30.374242
58.575170
52.811380
49.096893
51.512174
57.544610
60.065510
30.090062
30.080707
59.779673
58.065652
56.123767
57.053437
59.060000
59.871684
59.595733
59.966756
30.109100
59.280477
57.351741
57.269513
58.957435
59.863551
59.621058
59.886150
30.074624
59.455786
57.651729
57.507848
59.170763
60.096845
30.130908
30.111590
30.109649
30.113262
30.108758
30.052566
59.861390
59.940652
30.126337
30.153795
30.114263
30.108117
30.097857
30.110640
30.205489
30.204837
30.196938
30.200446
30.199893
30.199877
30.198713
30.269466
30.268328
30.337368
30.253974
30.253988
30.254559
30.253407
30.251687
30.340282
