-0.001256
-0.001256
-0.002543
-0.002696
-0.000717
0.000005
-0.002835
-0.006147
-0.007485
-0.007590
-0.007962
-0.007104
-0.005530
-0.006287
-0.008426
-0.008833
-0.010645
-0.018397
-0.035161
-0.060234
-0.089353
-0.125592
-0.173384
-0.228125
-0.284489
-0.343734
-0.407988
-0.476977
-0.547212
-0.618799
-0.695026
-0.780381
-0.885740
-0.979430
-1.038398
-1.083232
-1.123341
-1.162905
-1.200017
-1.234632
-1.265451
-1.292883
-1.319273
-1.343488
-1.364866
-1.384818
-1.403932
-1.421221
-1.436796
-1.449698
-1.460203
-1.469503
-1.479238
-1.489128
-1.497969
-1.505909
-1.512742
-1.518319
-1.523334
-1.527675
-1.530335
-1.532732
-1.536238
-1.540891
-1.544817
-1.546783
-1.553593
-1.560266
-1.559587
-1.556595
-1.554636
-1.555967
-1.558969
-1.561802
-1.565447
-1.568675
-1.569940
-1.570512
-1.571432
-1.572469
-1.573306
-1.574885
-1.577639
-1.580151
-1.581135
-1.582060
-1.583692
-1.584197
-1.582919
-1.582914
-1.583743
-1.582842
-1.580514
-1.578370
-1.577655
-1.577058
-1.576439
-1.576751
-1.576872
-1.574766
-1.570949
-1.568586
-1.567628
-1.566016
-1.564462
-1.564615
-1.566242
-1.566918
-1.566033
-1.565576
-1.565927
-1.565982
-1.565316
-1.564654
-1.564373
-1.563623
-1.562962
-1.563784
-1.565740
-1.567630
-1.569556
-1.571644
-1.573239
-1.574442
-1.576112
-1.578104
-1.580452
-1.582544
-1.585114
-1.588224
-1.590112
-1.592457
-1.596880
-1.600815
-1.602704
-1.604085
-1.606251
-1.608320
-1.608844
-1.608847
-1.609225
-1.609296
-1.608226
-1.606749
-1.605721
-1.605921
-1.607322
-1.609957
-1.615257
-1.624557
-1.635023
-1.641748
-1.645944
-1.652119
-1.661770
-1.674203
-1.685381
-1.693747
-1.702685
-1.712927
-1.723451
-1.733795
-1.744289
-1.755350
-1.763852
-1.768750
-1.771665
-1.773800
-1.775918
-1.776279
-1.774458
-1.770371
-1.764418
-1.759007
-1.754422
-1.748006
-1.738881
-1.729846
-1.720542
-1.707527
-1.692989
-1.681514
-1.671913
-1.660159
-1.648102
-1.636255
-1.621713
-1.605336
-1.589145
-1.573087
-1.558930
-1.545757
-1.530443
-1.513521
-1.495632
-1.479162
-1.463924
-1.450770
-1.441907
-1.435547
-1.431071
-1.428733
-1.427798
-1.427574
-1.427502
-1.428454
-1.431493
-1.435796
-1.441358
-1.448576
-1.455888
-1.464284
-1.477101
-1.491558
-1.502239
-1.509180
-1.516486
-1.523655
-1.529147
-1.534321
-1.539121
-1.542588
-1.544517
-1.546053
-1.547003
-1.548838
-1.552590
-1.557867
-1.561766
-1.563562
-1.566751
-1.569832
-1.571983
-1.573357
-1.574005
-1.575172
-1.576119
-1.577790
-1.579259
-1.578487
-1.577059
-1.576146
-1.575353
-1.574867
-1.576719
-1.580533
-1.582947
-1.583726
-1.584236
-1.585250
-1.587019
-1.586956
-1.584361
-1.583130
-1.585016
-1.585947
-1.584456
-1.583250
-1.584416
-1.586669
-1.588273
-1.589401
-1.589876
-1.590167
-1.587621
-1.587701
-1.599707
-1.621134
-1.646986
-1.679376
-1.720541
-1.768164
-1.819367
-1.875569
-1.939449
-2.008468
-2.087554
-2.178307
-2.272337
-2.358543
-2.450638
-2.535918
-2.590054
-2.630999
-2.671597
-2.713841
-2.755141
-2.795235
-2.832399
-2.864157
-2.890288
-2.912894
-2.932734
-2.952030
-2.969023
-2.983334
-2.999668
-3.015620
-3.028858
-3.039976
-3.049355
-3.057324
-3.064841
-3.071453
-3.076762
-3.083615
-3.091859
-3.098409
-3.104780
-3.112267
-3.116651
-3.118063
-3.120423
-3.125431
-3.130667
-3.133151
-3.135676
-3.138627
-3.140813
-3.141416
-3.141256
-3.143590
-3.146513
-3.147249
-3.147714
-3.149908
-3.151796
-3.153556
-3.154742
-3.154331
-3.153943
-3.154055
-3.153640
-3.152728
-3.152353
-3.153652
-3.154943
-3.153962
-3.152893
-3.152828
-3.153005
-3.153711
-3.154887
-3.157893
-3.161718
-3.164091
-3.164118
-3.162350
-3.161534
-3.160427
-3.157967
-3.156261
-3.156400
-3.157292
-3.157327
-3.156760
-3.157027
-3.157839
-3.157428
-3.157047
-3.158046
-3.159983
-3.161032
-3.161023
-3.160755
-3.159669
-3.157258
-3.154739
-3.154931
-3.156633
-3.157486
-3.157109
-3.155718
-3.154903
-3.155591
-3.157116
-3.159503
-3.161085
-3.160510
-3.159134
-3.158311
-3.157879
-3.157268
-3.157204
-3.158385
-3.159783
-3.159687
-3.159154
-3.158796
-3.157976
-3.158092
-3.160499
-3.164028
-3.167055
-3.169050
-3.170364
-3.171208
-3.171032
-3.171108
-3.171776
-3.170901
-3.168866
-3.167236
-3.165391
-3.163163
-3.161883
-3.161676
-3.162355
-3.162523
-3.162075
-3.162699
-3.163229
-3.162188
-3.158492
-3.153533
-3.150395
-3.149242
-3.149948
-3.151322
-3.152811
-3.153998
-3.154323
-3.154584
-3.155115
-3.155201
-3.155907
-3.157699
-3.157739
-3.155387
-3.152753
-3.151775
-3.152242
-3.153087
-3.154380
-3.155826
-3.156712
-3.157009
-3.156741
-3.157049
-3.157596
-3.157438
-3.157922
-3.158802
-3.159573
-3.160427
-3.161654
-3.164555
-3.166838
-3.167257
-3.167367
-3.166852
-3.165384
-3.162684
-3.160034
-3.158812
-3.157889
-3.156678
-3.156905
-3.157978
-3.157913
-3.156886
-3.156660
-3.158204
-3.159846
-3.160802
-3.161756
-3.162028
-3.160706
-3.159028
-3.158712
-3.159164
-3.159523
-3.159830
-3.160031
-3.160838
-3.161807
-3.162186
-3.163356
-3.165038
-3.166079
-3.167561
-3.168571
-3.168144
-3.167409
-3.166803
-3.166913
-3.167336
-3.167408
-3.167383
-3.167184
-3.166265
-3.164099
-3.161518
-3.160320
-3.159851
-3.159724
-3.160730
-3.161565
-3.161524
-3.160775
-3.160518
-3.160906
-3.160449
-3.160714
-3.163244
-3.166171
-3.167871
-3.168975
-3.169973
-3.171055
-3.171354
-3.170834
-3.170582
-3.169246
-3.167814
-3.168178
-3.170468
-3.173420
-3.174914
-3.175547
-3.175165
-3.173527
-3.170600
-3.166978
-3.164473
-3.162922
-3.162370
-3.163338
-3.164381
-3.164646
-3.164965
-3.165256
-3.165892
-3.166091
-3.165338
-3.165390
-3.165424
-3.163621
-3.160995
-3.159028
-3.158167
-3.157094
-3.155043
-3.153480
-3.152840
-3.152295
-3.150858
-3.150086
-3.151967
-3.154519
-3.156581
-3.157853
-3.158902
-3.159831
-3.159674
-3.160060
-3.160737
-3.159783
-3.158001
-3.157168
-3.157932
-3.159962
-3.162218
-3.164490
-3.166173
-3.166896
-3.167561
-3.167836
-3.167830
-3.168314
-3.169681
-3.171572
-3.173547
-3.175321
-3.175734
-3.174607
-3.172897
-3.171005
-3.169492
-3.169963
-3.171022
-3.171677
-3.172869
-3.174104
-3.174363
-3.173220
-3.171987
-3.172291
-3.173163
-3.174602
-3.177961
-3.181489
-3.182424
-3.182385
-3.183505
-3.183997
-3.183483
-3.182201
-3.179225
-3.176402
-3.175133
-3.174111
-3.174777
-3.177579
-3.180118
-3.181904
-3.183028
-3.182774
-3.181205
-3.179096
-3.177505
-3.177170
-3.177170
-3.176584
-3.175510
-3.174049
-3.172112
-3.171123
-3.171729
-3.172634
-3.173153
-3.173281
-3.173076
-3.172697
-3.172260
-3.171425
-3.170483
-3.169864
-3.169782
-3.171093
-3.172301
-3.172528
-3.172121
-3.171961
-3.172307
-3.172063
-3.171424
-3.171333
-3.171236
-3.169519
-3.167261
-3.165976
-3.165457
-3.165948
-3.167480
-3.169650
-3.171747
-3.173632
-3.175186
-3.175824
-3.175917
-3.175854
-3.176152
-3.176513
-3.175879
-3.174279
-3.173447
-3.174062
-3.174666
-3.174548
-3.174568
-3.174249
-3.172395
-3.170132
-3.169456
-3.170396
-3.171213
-3.171903
-3.173275
-3.175197
-3.176155
-3.176855
-3.178250
-3.179314
-3.179610
-3.179050
-3.177873
-3.176024
-3.173572
-3.170779
-3.168647
-3.167601
-3.167036
-3.166716
-3.166842
-3.166820
-3.166150
-3.165377
-3.166247
-3.167839
-3.169112
-3.170900
-3.172490
-3.173185
-3.172996
-3.172731
-3.173055
-3.174060
-3.175039
-3.175752
-3.176374
-3.176313
-3.175557
-3.175200
-3.175109
-3.174730
-3.174328
-3.173694
-3.172387
-3.169841
-3.166515
-3.164091
-3.162922
-3.163911
-3.174465
-3.198957
-3.232158
-3.271114
-3.314949
-3.364912
-3.421567
-3.484673
-3.552614
-3.622421
-3.696771
-3.780435
-3.873457
-3.974192
-4.081570
-4.192098
-4.303369
-4.413638
-4.525375
-4.643898
-4.772810
-4.913685
-5.075381
-5.243206
-5.399890
-5.540760
-5.647661
-5.720847
-5.769417
-5.803205
-5.829594
-5.851426
-5.881409
-5.921512
-5.961449
-5.996877
-6.026437
-6.051015
-6.072269
-6.092128
-6.109076
-6.123362
-6.138022
-6.152595
-6.165084
-6.173308
-6.176215
-6.171491
-6.155151
-6.125718
-6.086817
-6.041564
-5.989887
-5.931558
-5.864347
-5.788098
-5.703528
-5.609322
-5.511771
-5.419763
-5.341011
-5.286619
-5.269012
-5.276297
-5.285654
-5.295257
-5.308159
-5.326029
-5.351513
-5.383214
-5.420198
-5.467560
-5.523758
-5.583910
-5.643388
-5.725106
-5.813061
-5.875014
-5.921907
-5.955494
-5.979372
-5.997558
-6.017327
-6.044178
-6.074270
-6.099942
-6.118859
-6.133753
-6.147659
-6.163046
-6.178615
-6.192254
-6.204126
-6.213542
-6.221552
-6.239994
-6.274175
-6.297954
-6.288418
-6.261774
-6.241578
-6.237964
-6.249784
-6.264370
-6.272656
-6.276238
-6.277388
-6.278474
-6.281387
-6.284597
-6.288665
-6.292433
-6.294711
-6.296367
-6.297974
-6.299195
-6.299836
-6.301768
-6.304447
-6.306041
-6.307704
-6.308776
-6.308395
-6.308914
-6.310119
-6.311617
-6.313562
-6.314918
-6.315610
-6.315287
-6.314638
-6.314577
-6.315682
-6.316868
-6.317413
-6.318716
-6.320519
-6.320893
-6.319641
-6.319103
-6.319786
-6.320210
-6.320658
-6.321855
-6.322019
-6.322573
-6.324395
-6.324940
-6.324280
-6.322490
-6.319764
-6.318934
-6.323151
-6.327048
-6.330470
-6.335890
-6.335228
-6.330070
-6.327244
-6.325123
-6.319531
-6.312302
-6.309174
-6.310815
-6.313682
-6.314942
-6.315721
-6.316463
-6.316543
-6.317503
-6.317836
-6.315672
-6.312703
-6.312941
-6.323536
-6.335167
-6.339518
-6.340966
-6.333362
-6.320646
-6.312957
-6.310361
-6.309885
-6.309747
-6.310564
-6.311394
-6.311804
-6.312870
-6.314140
-6.315843
-6.318604
-6.321387
-6.322141
-6.320277
-6.317309
-6.315332
-6.320611
-6.330430
-6.339768
-6.348085
-6.341502
-6.323251
-6.311506
-6.307355
-6.304813
-6.303794
-6.305696
-6.307982
-6.310651
-6.311633
-6.310552
-6.310677
-6.312355
-6.314404
-6.314681
-6.312595
-6.309156
-6.309940
-6.322760
-6.337762
-6.338392
-6.332619
-6.323484
-6.310398
-6.302052
-6.299832
-6.300726
-6.300397
-6.300283
-6.303064
-6.306421
-6.307283
-6.306729
-6.307408
-6.310319
-6.314035
-6.316388
-6.316969
-6.316277
-6.315582
-6.322156
-6.329941
-6.334276
-6.337506
-6.329541
-6.316236
-6.309554
-6.307530
-6.306265
-6.306158
-6.307411
-6.308751
-6.309534
-6.310075
-6.311564
-6.314057
-6.316488
-6.319205
-6.321566
-6.321314
-6.318628
-6.316694
-6.322835
-6.331856
-6.336843
-6.341832
-6.337115
-6.324441
-6.317297
-6.315297
-6.314297
-6.312772
-6.313438
-6.315266
-6.316777
-6.318138
-6.318984
-6.319695
-6.321063
-6.323724
-6.326383
-6.326863
-6.323293
-6.316510
-6.313194
-6.314489
-6.319922
-6.327428
-6.329198
-6.327103
-6.325998
-6.325907
-6.323837
-6.318560
-6.312989
-6.309988
-6.309117
-6.309875
-6.311479
-6.312343
-6.312029
-6.311394
-6.311252
-6.312115
-6.313505
-6.314801
-6.316713
-6.318254
-6.318184
-6.316617
-6.314675
-6.313587
-6.313711
-6.313889
-6.314173
-6.314574
-6.314073
-6.314002
-6.314866
-6.315816
-6.316866
-6.318808
-6.321611
-6.323966
-6.324531
-6.322686
-6.318206
-6.312681
-6.314438
-6.321197
-6.335789
-6.345790
-6.333920
-6.319820
-6.314035
-6.311075
-6.307685
-6.305175
-6.304787
-6.305063
-6.306238
-6.308861
-6.312496
-6.315520
-6.316985
-6.316944
-6.315259
-6.313499
-6.311823
-6.311540
-6.312404
-6.312580
-6.312626
-6.312794
-6.313139
-6.313404
-6.313860
-6.314673
-6.315002
-6.315198
-6.315807
-6.315670
-6.314073
-6.313168
-6.314396
-6.316612
-6.320476
-6.325416
-6.327741
-6.326628
-6.322577
-6.318204
-6.319413
-6.323669
-6.330297
-6.334191
-6.328344
-6.322538
-6.321012
-6.319894
-6.315931
-6.309504
-6.305545
-6.306218
-6.308132
-6.310348
-6.312849
-6.315091
-6.316703
-6.317240
-6.316915
-6.315958
-6.314794
-6.316370
-6.320542
-6.326401
-6.332212
-6.333134
-6.329564
-6.325780
-6.324533
-6.323159
-6.318065
-6.311411
-6.308135
-6.314453
-6.323428
-6.331825
-6.341410
-6.340427
-6.332952
-6.328648
-6.326416
-6.322583
-6.316269
-6.311148
-6.310252
-6.312027
-6.314289
-6.316310
-6.318759
-6.321963
-6.324518
-6.326409
-6.328988
-6.330038
-6.328066
-6.330685
-6.336354
-6.342841
-6.349004
-6.342151
-6.327884
-6.319662
-6.316831
-6.315379
-6.314965
-6.316559
-6.318538
-6.318881
-6.313371
-6.294944
-6.260276
-6.216207
-6.169148
-6.117968
-6.060519
-5.995209
-5.922624
-5.841507
-5.747472
-5.643466
-5.535373
-5.425096
-5.314525
-5.203731
-5.091745
-4.978978
-4.866782
-4.743933
-4.613194
-4.483490
-4.345907
-4.201536
-4.051742
-3.898907
-3.745681
-3.589616
-3.428575
-3.264521
-3.098958
-2.933268
-2.770789
-2.610543
-2.457410
-2.324835
-2.220954
-2.151106
-2.103835
-2.047014
-1.960806
-1.866715
-1.811479
-1.853512
-1.933299
-1.946483
-1.906097
-1.853691
-1.812499
-1.780594
-1.754446
-1.735330
-1.727659
-1.731361
-1.740373
-1.753804
-1.773215
-1.798520
-1.829372
-1.866804
-1.910847
-1.961406
-2.019039
-2.081359
-2.158253
-2.242338
-2.322966
-2.418817
-2.521527
-2.629638
-2.750646
-2.875090
-3.001694
-3.128300
-3.253539
-3.378033
-3.503378
-3.639761
-3.775206
-3.893475
-3.998697
-4.088353
-4.163016
-4.224427
-4.272679
-4.310463
-4.349023
-4.427158
-4.524147
-4.569883
-4.556743
-4.519476
-4.499418
-4.508585
-4.531997
-4.555873
-4.573569
-4.585501
-4.594998
-4.605862
-4.617293
-4.627278
-4.636878
-4.645987
-4.654426
-4.662270
-4.669955
-4.676324
-4.681290
-4.685396
-4.688377
-4.690269
-4.689530
-4.684201
-4.672669
-4.652829
-4.622951
-4.586308
-4.547506
-4.505705
-4.459913
-4.411864
-4.364579
-4.318503
-4.271633
-4.222791
-4.169900
-4.112632
-4.052738
-3.992976
-3.933383
-3.872506
-3.811106
-3.747691
-3.681111
-3.613886
-3.546740
-3.477104
-3.403686
-3.328430
-3.252756
-3.178505
-3.106903
-3.040583
-2.978721
-2.919098
-2.862364
-2.806142
-2.747769
-2.686357
-2.621022
-2.551215
-2.477553
-2.400241
-2.325284
-2.254611
-2.184355
-2.115663
-2.051098
-1.992059
-1.944694
-1.914201
-1.893200
-1.873308
-1.854422
-1.837099
-1.821237
-1.805791
-1.789002
-1.773803
-1.761111
-1.746331
-1.728487
-1.711317
-1.693181
-1.664079
-1.630690
-1.625119
-1.656251
-1.686706
-1.688138
-1.670080
-1.651634
-1.637177
-1.623077
-1.610555
-1.601443
-1.597722
-1.604690
-1.624402
-1.652257
-1.684973
-1.723781
-1.769731
-1.823893
-1.885688
-1.952893
-2.023559
-2.096607
-2.177667
-2.268111
-2.359091
-2.446534
-2.527449
-2.597043
-2.655754
-2.704285
-2.743286
-2.774474
-2.799830
-2.824099
-2.851562
-2.880777
-2.906840
-2.928640
-2.947704
-2.964825
-2.981691
-2.998713
-3.015159
-3.029642
-3.041744
-3.052428
-3.064966
-3.085453
-3.116402
-3.156321
-3.203641
-3.256832
-3.313388
-3.373501
-3.438815
-3.509118
-3.587030
-3.672800
-3.763556
-3.853456
-3.936298
-4.014727
-4.088811
-4.153050
-4.208747
-4.259705
-4.305406
-4.344898
-4.382957
-4.441529
-4.539058
-4.622327
-4.623976
-4.577308
-4.535477
-4.511095
-4.521020
-4.552000
-4.573959
-4.586360
-4.594509
-4.599944
-4.603910
-4.606055
-4.606316
-4.602980
-4.595897
-4.585052
-4.570269
-4.551097
-4.523753
-4.493013
-4.463118
-4.431705
-4.396743
-4.361883
-4.326139
-4.285223
-4.243769
-4.202248
-4.160317
-4.118945
-4.077275
-4.035301
-3.992868
-3.949443
-3.905033
-3.859196
-3.810152
-3.758326
-3.707028
-3.658348
-3.611701
-3.566221
-3.521732
-3.477180
-3.432044
-3.385929
-3.337535
-3.286682
-3.233686
-3.180335
-3.128500
-3.080706
-3.038009
-2.995456
-2.950324
-2.902913
-2.853973
-2.802756
-2.749161
-2.693827
-2.636309
-2.580195
-2.527728
-2.477635
-2.429617
-2.381452
-2.330941
-2.279048
-2.226574
-2.173242
-2.121246
-2.071967
-2.026074
-1.985483
-1.949706
-1.919585
-1.894487
-1.867687
-1.837347
-1.807690
-1.771215
-1.720179
-1.668551
-1.667471
-1.701960
-1.717666
-1.714660
-1.698884
-1.679764
-1.661772
-1.645820
-1.632798
-1.623002
-1.621828
-1.632671
-1.653403
-1.685802
-1.725728
-1.767591
-1.814710
-1.870753
-1.936897
-2.010844
-2.090190
-2.176758
-2.272134
-2.375744
-2.485548
-2.596928
-2.707582
-2.818610
-2.930526
-3.042683
-3.154146
-3.266850
-3.384638
-3.508169
-3.636380
-3.770749
-3.914627
-4.047628
-4.141234
-4.201589
-4.244541
-4.278149
-4.307358
-4.370321
-4.485655
-4.555604
-4.538480
-4.507266
-4.498021
-4.511694
-4.540737
-4.568278
-4.586297
-4.598058
-4.606902
-4.613328
-4.620178
-4.629121
-4.637997
-4.646138
-4.653597
-4.660169
-4.665622
-4.670424
-4.675294
-4.680477
-4.685764
-4.689690
-4.692947
-4.696630
-4.700134
-4.702907
-4.705347
-4.708067
-4.710031
-4.711566
-4.713611
-4.715945
-4.717464
-4.717887
-4.718019
-4.718827
-4.720395
-4.722147
-4.723421
-4.723914
-4.724247
-4.724335
-4.724785
-4.726342
-4.727938
-4.728778
-4.729404
-4.729649
-4.729360
-4.728573
-4.727991
-4.728440
-4.729801
-4.730727
-4.727489
-4.713339
-4.684000
-4.641930
-4.592639
-4.539579
-4.483306
-4.423535
-4.359203
-4.288471
-4.209600
-4.122412
-4.028165
-3.927558
-3.820981
-3.710547
-3.600104
-3.490034
-3.377624
-3.259775
-3.136660
-3.012863
-2.888413
-2.760966
-2.629740
-2.499250
-2.375613
-2.262177
-2.164373
-2.091641
-2.045038
-2.010787
-1.981482
-1.956937
-1.933745
-1.909901
-1.885395
-1.860564
-1.835450
-1.811140
-1.787503
-1.764606
-1.745156
-1.730166
-1.718658
-1.708955
-1.700634
-1.693510
-1.686012
-1.678774
-1.673078
-1.669379
-1.664860
-1.658185
-1.651716
-1.645536
-1.639147
-1.632780
-1.626488
-1.621525
-1.617766
-1.614540
-1.612393
-1.611051
-1.609328
-1.607792
-1.606127
-1.603250
-1.600058
-1.597602
-1.595923
-1.594490
-1.593761
-1.593707
-1.593947
-1.593689
-1.591495
-1.587047
-1.583471
-1.584554
-1.588956
-1.594512
-1.597337
-1.594975
-1.591047
-1.587450
-1.582386
-1.575775
-1.569706
-1.567432
-1.572254
-1.585749
-1.609589
-1.642592
-1.682566
-1.729474
-1.782314
-1.839894
-1.901715
-1.967526
-2.039475
-2.118181
-2.204016
-2.298134
-2.399636
-2.507976
-2.620712
-2.733833
-2.845776
-2.957637
-3.071462
-3.188843
-3.311836
-3.442620
-3.580447
-3.733204
-3.889093
-4.022857
-4.124711
-4.195304
-4.244962
-4.282830
-4.312641
-4.348380
-4.438264
-4.533793
-4.546360
-4.508542
-4.479113
-4.482936
-4.511203
-4.542201
-4.565360
-4.580505
-4.590338
-4.595530
-4.600928
-4.609896
-4.621664
-4.633837
-4.643753
-4.651764
-4.659064
-4.665026
-4.669850
-4.674211
-4.678479
-4.683221
-4.687615
-4.691565
-4.695350
-4.699169
-4.702308
-4.704302
-4.706456
-4.709447
-4.712201
-4.713762
-4.715011
-4.716167
-4.717326
-4.718591
-4.719599
-4.720814
-4.721725
-4.722420
-4.723688
-4.725125
-4.726338
-4.727690
-4.728647
-4.728912
-4.728666
-4.728793
-4.729024
-4.728989
-4.730242
-4.732412
-4.734666
-4.736215
-4.735870
-4.730797
-4.715380
-4.686396
-4.646959
-4.603159
-4.556793
-4.505288
-4.446574
-4.379818
-4.306875
-4.228234
-4.143049
-4.051645
-3.954363
-3.852152
-3.747541
-3.643603
-3.540421
-3.436233
-3.330159
-3.221507
-3.110251
-2.995296
-2.873927
-2.747521
-2.617548
-2.488975
-2.365609
-2.250436
-2.151986
-2.083468
-2.039004
-1.998160
-1.959196
-1.927874
-1.903437
-1.881452
-1.860342
-1.840154
-1.820767
-1.801170
-1.781081
-1.760906
-1.742782
-1.728344
-1.716337
-1.705905
-1.696022
-1.685904
-1.675984
-1.666956
-1.659722
-1.653718
-1.647788
-1.642190
-1.637022
-1.631298
-1.625729
-1.621199
-1.617964
-1.616518
-1.615230
-1.612611
-1.609363
-1.606753
-1.604500
-1.602296
-1.600682
-1.599578
-1.597920
-1.596233
-1.594701
-1.594370
-1.594661
-1.594287
-1.593887
-1.591959
-1.588741
-1.584246
-1.578537
-1.577784
-1.585775
-1.597308
-1.606513
-1.608001
-1.602426
-1.597325
-1.593311
-1.587065
-1.580135
-1.577030
-1.576770
-1.579159
-1.590772
-1.613921
-1.641713
-1.676268
-1.720554
-1.766114
-1.812178
-1.866175
-1.929455
-1.995814
-2.065299
-2.142273
-2.230438
-2.329112
-2.432438
-2.535021
-2.634954
-2.733552
-2.835108
-2.943991
-3.057501
-3.171937
-3.286795
-3.400766
-3.515266
-3.632253
-3.752380
-3.883960
-4.005566
-4.098823
-4.174333
-4.234244
-4.282339
-4.319686
-4.353158
-4.440450
-4.537043
-4.560185
-4.541232
-4.517048
-4.505577
-4.514269
-4.540024
-4.565798
-4.584876
-4.597930
-4.606022
-4.610610
-4.616422
-4.624972
-4.633611
-4.642435
-4.651256
-4.658570
-4.664571
-4.669231
-4.673252
-4.677696
-4.682557
-4.686594
-4.689804
-4.693255
-4.695912
-4.698072
-4.700585
-4.702688
-4.704372
-4.705799
-4.707255
-4.709359
-4.711063
-4.712454
-4.714059
-4.715285
-4.716131
-4.716769
-4.718166
-4.720501
-4.722141
-4.723502
-4.725566
-4.727259
-4.728383
-4.729351
-4.729985
-4.730107
-4.730019
-4.731145
-4.732746
-4.733553
-4.734295
-4.734935
-4.733749
-4.726268
-4.706196
-4.671954
-4.629005
-4.581842
-4.529942
-4.472018
-4.407511
-4.336102
-4.255283
-4.164967
-4.068797
-3.968952
-3.866717
-3.760702
-3.651574
-3.543759
-3.437669
-3.330860
-3.220346
-3.106618
-2.992227
-2.877442
-2.759479
-2.637497
-2.515584
-2.398040
-2.287673
-2.186944
-2.100326
-2.041877
-2.007685
-1.977576
-1.949795
-1.926288
-1.904296
-1.881979
-1.858762
-1.835450
-1.813126
-1.791673
-1.769803
-1.748311
-1.729974
-1.714582
-1.701444
-1.691368
-1.684142
-1.677704
-1.670971
-1.664455
-1.658526
-1.652715
-1.646654
-1.640204
-1.632587
-1.624146
-1.615924
-1.610023
-1.607598
-1.606348
-1.604426
-1.601765
-1.598984
-1.596988
-1.595141
-1.593638
-1.592281
-1.591644
-1.591225
-1.590361
-1.590166
-1.589524
-1.588492
-1.587717
-1.586297
-1.584962
-1.583235
-1.579718
-1.582162
-1.590893
-1.606475
-1.619221
-1.610746
-1.594021
-1.583095
-1.576346
-1.572402
-1.571597
-1.572943
-1.576609
-1.585779
-1.604544
-1.632919
-1.667536
-1.708561
-1.754128
-1.802932
-1.857454
-1.919754
-1.989375
-2.068456
-2.159390
-2.257829
-2.356969
-2.453343
-2.543200
-2.622197
-2.689018
-2.742949
-2.782412
-2.809211
-2.828196
-2.842191
-2.854886
-2.873078
-2.898816
-2.925939
-2.947985
-2.964723
-2.979021
-2.993317
-3.007550
-3.020504
-3.032498
-3.042631
-3.051220
-3.058922
-3.066158
-3.073139
-3.079682
-3.086166
-3.092393
-3.097031
-3.100773
-3.104980
-3.109169
-3.113778
-3.121347
-3.137065
-3.163529
-3.198902
-3.240198
-3.287905
-3.344760
-3.407847
-3.474069
-3.543370
-3.617448
-3.700427
-3.789433
-3.886688
-3.980297
-4.057245
-4.126855
-4.189732
-4.245102
-4.294674
-4.338536
-4.376656
-4.417673
-4.511523
-4.613146
-4.651951
-4.649764
-4.619302
-4.581839
-4.557912
-4.559164
-4.582279
-4.608008
-4.624976
-4.635239
-4.642163
-4.646076
-4.649469
-4.655673
-4.663134
-4.670274
-4.677308
-4.682912
-4.687088
-4.692563
-4.703523
-4.723240
-4.736113
-4.732917
-4.724684
-4.715665
-4.708166
-4.704058
-4.703461
-4.705437
-4.708988
-4.711788
-4.713148
-4.714196
-4.715002
-4.715317
-4.716124
-4.717623
-4.718802
-4.718927
-4.718742
-4.719506
-4.720801
-4.721291
-4.721269
-4.721614
-4.721576
-4.721341
-4.721937
-4.722739
-4.722937
-4.722953
-4.723006
-4.722878
-4.723002
-4.723509
-4.724548
-4.725382
-4.724864
-4.723597
-4.721119
-4.718357
-4.717691
-4.719278
-4.722348
-4.725076
-4.726346
-4.725932
-4.724673
-4.723562
-4.722622
-4.722290
-4.722478
-4.722726
-4.723208
-4.723603
-4.723504
-4.722709
-4.721378
-4.719685
-4.719449
-4.721613
-4.724932
-4.727720
-4.728650
-4.729072
-4.729040
-4.727752
-4.725869
-4.723859
-4.722545
-4.722926
-4.724033
-4.724553
-4.725029
-4.725196
-4.725369
-4.725965
-4.725878
-4.725703
-4.725255
-4.725201
-4.726102
-4.727170
-4.728111
-4.729246
-4.730313
-4.731090
-4.731497
-4.731460
-4.735209
-4.747237
-4.769119
-4.801365
-4.842452
-4.887451
-4.934672
-4.985732
-5.042660
-5.102283
-5.164593
-5.231350
-5.288224
-5.331067
-5.366940
-5.396933
-5.421317
-5.440269
-5.456339
-5.474812
-5.497827
-5.521830
-5.543476
-5.562891
-5.581403
-5.598218
-5.614239
-5.629404
-5.643572
-5.657096
-5.669394
-5.681363
-5.693117
-5.705586
-5.718794
-5.731202
-5.742163
-5.752157
-5.761451
-5.769496
-5.776942
-5.784387
-5.791376
-5.796997
-5.800910
-5.804252
-5.807373
-5.811027
-5.815525
-5.819352
-5.822991
-5.825997
-5.828094
-5.830859
-5.833121
-5.835220
-5.838017
-5.840600
-5.843015
-5.845233
-5.847361
-5.848908
-5.850116
-5.851893
-5.853694
-5.854635
-5.855878
-5.858026
-5.860173
-5.861929
-5.864408
-5.868015
-5.871259
-5.873626
-5.875872
-5.877897
-5.879485
-5.880928
-5.881744
-5.882188
-5.883835
-5.886903
-5.890410
-5.894494
-5.897866
-5.900205
-5.903536
-5.907464
-5.910580
-5.913155
-5.915556
-5.918096
-5.921225
-5.924693
-5.928255
-5.931333
-5.934274
-5.937136
-5.940172
-5.943692
-5.947181
-5.951581
-5.955798
-5.959541
-5.963779
-5.967628
-5.971754
-5.976237
-5.980934
-5.986372
-5.992348
-5.998070
-6.002988
-6.007451
-6.013307
-6.018628
-6.020973
-6.022170
-6.024115
-6.026784
-6.029215
-6.031397
-6.033048
-6.034009
-6.034351
-6.034942
-6.036532
-6.038459
-6.039417
-6.040242
-6.041717
-6.042910
-6.043882
-6.045337
-6.046822
-6.048852
-6.051202
-6.052795
-6.053407
-6.052853
-6.051978
-6.050494
-6.048121
-6.046959
-6.047560
-6.048446
-6.049844
-6.053317
-6.057695
-6.061333
-6.064096
-6.065939
-6.068273
-6.070871
-6.073590
-6.077093
-6.080953
-6.084361
-6.087408
-6.090513
-6.093720
-6.096641
-6.098445
-6.100747
-6.104524
-6.108075
-6.109937
-6.110845
-6.111721
-6.113043
-6.114940
-6.116610
-6.118855
-6.121040
-6.122535
-6.124224
-6.125649
-6.127816
-6.131314
-6.135645
-6.140741
-6.145728
-6.150359
-6.154641
-6.157900
-6.160586
-6.163823
-6.167748
-6.171618
-6.174559
-6.176727
-6.178771
-6.181109
-6.184008
-6.187016
-6.189246
-6.191164
-6.193041
-6.194610
-6.195352
-6.196329
-6.198396
-6.199929
-6.200524
-6.201754
-6.203365
-6.204433
-6.205411
-6.206131
-6.206927
-6.207304
-6.206891
-6.207819
-6.209424
-6.210405
-6.211543
-6.212984
-6.216071
-6.220397
-6.224279
-6.227427
-6.229262
-6.230318
-6.231869
-6.233744
-6.236102
-6.239174
-6.242672
-6.246515
-6.249292
-6.250274
-6.251624
-6.253250
-6.253615
-6.252531
-6.252785
-6.254137
-6.254421
-6.255075
-6.256847
-6.258956
-6.260096
-6.260335
-6.261151
-6.262452
-6.264091
-6.266740
-6.270230
-6.274363
-6.278123
-6.281055
-6.283868
-6.287124
-6.289685
-6.291726
-6.294545
-6.297832
-6.299849
-6.300253
-6.300073
-6.300013
-6.300266
-6.301936
-6.305220
-6.307388
-6.308242
-6.309787
-6.311715
-6.313213
-6.314070
-6.315531
-6.318789
-6.322350
-6.325183
-6.327580
-6.330070
-6.332383
-6.334815
-6.337676
-6.340384
-6.342837
-6.345002
-6.346797
-6.349560
-6.353178
-6.357088
-6.361065
-6.363986
-6.365830
-6.365855
-6.362995
-6.359286
-6.355987
-6.354670
-6.359892
-6.369213
-6.377260
-6.384253
-6.391259
-6.398748
-6.405848
-6.412426
-6.419807
-6.427912
-6.436659
-6.444577
-6.451691
-6.459697
-6.468845
-6.478694
-6.488407
-6.498276
-6.508514
-6.518268
-6.527557
-6.537326
-6.546585
-6.557787
-6.571211
-6.580411
-6.588273
-6.598560
-6.609981
-6.622310
-6.634610
-6.645389
-6.655256
-6.666696
-6.678374
-6.689134
-6.699635
-6.710646
-6.722684
-6.734432
-6.744886
-6.756344
-6.768542
-6.778952
-6.789089
-6.799920
-6.810867
-6.821738
-6.832507
-6.843802
-6.855089
-6.866592
-6.878861
-6.890878
-6.902265
-6.913330
-6.923731
-6.933946
-6.944802
-6.955807
-6.967494
-6.979525
-6.991080
-7.002264
-7.012983
-7.023152
-7.033659
-7.045244
-7.057823
-7.071641
-7.084841
-7.095811
-7.105640
-7.115499
-7.126496
-7.138938
-7.151644
-7.163795
-7.175641
-7.186668
-7.196604
-7.207458
-7.218648
-7.230045
-7.242848
-7.255347
-7.266816
-7.276430
-7.284657
-7.293668
-7.303986
-7.315637
-7.328603
-7.341565
-7.353915
-7.365545
-7.375550
-7.385361
-7.395400
-7.405763
-7.417632
-7.429641
-7.441546
-7.454247
-7.466618
-7.478415
-7.489801
-7.499538
-7.508621
-7.519057
-7.530754
-7.542275
-7.552668
-7.563696
-7.576368
-7.588518
-7.599091
-7.609721
-7.621299
-7.632975
-7.644308
-7.655762
-7.667458
-7.679185
-7.690028
-7.701391
-7.713761
-7.725358
-7.736714
-7.748511
-7.759581
-7.769887
-7.780176
-7.790785
-7.802272
-7.814573
-7.826935
-7.837680
-7.848686
-7.865860
-7.884081
-7.895709
-7.907774
-7.924095
-7.946641
-7.981863
-8.030172
-8.081868
-8.132071
-8.191548
-8.262582
-8.338435
-8.416328
-8.497055
-8.584538
-8.681732
-8.798749
-8.918180
-9.022606
-9.111725
-9.188922
-9.258525
-9.327982
-9.413368
-3.227510
-3.326424
-3.418210
-3.499611
-3.579463
-3.677077
-3.778557
-3.873322
-3.985720
-4.108618
-4.226561
-4.328187
-4.411271
-4.488349
-4.562232
-4.614996
-4.638196
-4.640409
-4.623619
-4.602262
-4.584347
-4.568924
-4.554289
-4.535402
-4.508515
-4.469641
-4.414293
-4.348455
-4.278716
-4.202594
-4.119865
-4.031006
-3.935517
-3.834704
-3.729248
-3.620393
-3.508905
-3.395689
-3.281521
-3.165956
-3.049336
-2.930534
-2.810715
-2.689410
-2.566745
-2.448857
-2.330441
-2.216046
-2.110569
-2.007287
-1.910244
-1.821372
-1.739152
-1.679517
-1.658790
-1.655653
-1.651771
-1.651342
-1.655997
-1.669660
-1.694459
-1.726417
-1.765335
-1.809185
-1.861897
-1.923260
-2.003514
-2.097776
-2.189218
-2.283701
-2.380322
-2.479166
-2.570550
-2.661146
-2.757473
-2.848771
-2.937473
-3.025609
-3.112497
-3.213111
-3.331507
-3.439067
-3.528109
-3.612080
-3.699889
-3.794420
-3.891144
-3.988738
-4.089781
-4.195738
-4.302366
-4.403506
-4.497354
-4.583114
-4.654509
-4.707050
-4.738234
-4.749078
-4.747705
-4.737241
-4.720613
-4.703813
-4.687744
-4.671851
-4.653027
-4.620890
-4.570385
-4.512089
-4.447665
-4.373171
-4.293195
-4.205067
-4.109731
-4.010353
-3.906798
-3.801312
-3.692718
-3.580660
-3.465897
-3.350047
-3.236286
-3.125702
-3.016937
-2.910029
-2.807082
-2.709534
-2.617012
-2.526868
-2.438142
-2.344895
-2.255845
-2.176185
-2.094852
-2.012085
-1.928684
-1.847711
-1.773209
-1.706701
-1.662222
-1.655647
-1.666273
-1.672242
-1.679378
-1.695391
-1.722635
-1.757276
-1.793228
-1.832837
-1.887658
-1.955612
-2.027777
-2.105705
-2.194503
-2.293893
-2.398180
-2.504731
-2.613240
-2.722071
-2.829095
-2.933994
-3.038324
-3.141935
-3.245507
-3.349488
-3.453575
-3.556895
-3.656567
-3.752223
-3.845678
-3.939997
-4.046467
-4.165984
-4.277292
-4.373685
-4.461494
-4.541315
-4.611118
-4.666759
-4.707742
-4.728086
-4.729513
-4.721929
-4.707433
-4.689572
-4.670011
-4.648774
-4.624127
-4.592459
-4.551123
-4.502034
-4.440915
-4.367000
-4.286642
-4.198528
-4.104534
-4.007512
-3.910904
-3.816600
-3.726205
-3.644608
-3.580985
-3.534177
-3.496843
-3.465032
-3.434231
-3.405076
-3.378642
-3.356414
-3.338554
-3.322505
-3.304684
-3.283286
-3.257701
-3.226787
-3.190802
-3.150396
-3.106831
-3.062630
-3.020442
-2.982323
-2.952823
-2.939380
-2.943482
-2.957526
-2.972257
-2.986025
-3.002961
-3.025797
-3.052946
-3.083454
-3.117244
-3.153345
-3.191986
-3.234898
-3.279341
-3.319190
-3.353160
-3.379009
-3.394125
-3.398414
-3.393089
-3.380541
-3.360940
-3.337012
-3.313050
-3.287405
-3.258374
-3.225321
-3.188283
-3.149427
-3.109788
-3.068399
-3.027254
-2.989397
-2.959509
-2.942346
-2.941092
-2.952558
-2.967513
-2.982373
-2.998635
-3.016257
-3.036111
-3.063052
-3.096194
-3.131683
-3.168453
-3.207533
-3.248133
-3.286704
-3.319952
-3.345987
-3.364614
-3.374567
-3.376312
-3.372312
-3.362636
-3.346334
-3.324695
-3.299383
-3.269510
-3.233594
-3.194060
-3.153901
-3.113652
-3.074693
-3.038356
-3.005482
-2.976886
-2.955727
-2.947504
-2.955100
-2.972263
-2.990311
-3.007603
-3.026335
-3.048842
-3.076081
-3.107610
-3.142813
-3.179087
-3.216204
-3.260762
-3.305140
-3.339395
-3.365636
-3.382954
-3.390352
-3.388913
-3.380586
-3.366704
-3.348537
-3.326114
-3.299919
-3.270996
-3.239287
-3.204444
-3.167695
-3.128821
-3.086005
-3.041084
-2.998581
-2.963679
-2.943477
-2.940409
-2.950033
-2.965108
-2.980717
-2.997407
-3.016770
-3.039260
-3.066030
-3.096883
-3.130059
-3.165917
-3.210419
-3.254080
-3.286096
-3.310944
-3.329323
-3.341485
-3.348442
-3.351047
-3.350883
-3.351642
-3.354067
-3.353942
-3.354778
-3.359613
-3.363598
-3.364990
-3.362147
-3.355068
-3.345057
-3.332900
-3.318831
-3.303025
-3.285668
-3.267373
-3.250215
-3.234594
-3.220577
-3.208995
-3.199854
-3.191671
-3.182542
-3.171089
-3.156199
-3.138997
-3.120632
-3.102061
-3.083842
-3.065404
-3.046943
-3.027923
-3.008545
-2.990567
-2.974073
-2.958412
-2.943548
-2.928380
-2.912579
-2.896564
-2.879946
-2.862509
-2.844744
-2.826852
-2.808496
-2.789381
-2.770170
-2.752089
-2.734630
-2.716532
-2.697910
-2.679207
-2.660172
-2.640923
-2.622406
-2.604466
-2.586219
-2.568207
-2.549805
-2.530505
-2.510986
-2.492140
-2.475999
-2.462888
-2.449353
-2.433115
-2.414773
-2.394860
-2.373741
-2.353153
-2.334826
-2.319983
-2.306671
-2.291727
-2.274778
-2.256253
-2.235860
-2.214778
-2.193704
-2.171728
-2.149740
-2.128597
-2.108880
-2.090714
-2.073841
-2.057860
-2.042545
-2.027219
-2.011118
-1.994533
-1.977885
-1.961206
-1.943657
-1.925055
-1.905347
-1.884976
-1.865857
-1.848887
-1.833758
-1.819890
-1.806050
-1.790567
-1.773038
-1.754578
-1.736279
-1.718431
-1.700768
-1.683289
-1.665379
-1.646402
-1.627195
-1.608057
-1.589591
-1.572144
-1.555458
-1.539604
-1.527230
-1.526092
-1.541005
-1.567296
-1.599400
-1.635824
-1.675912
-1.720084
-1.770893
-1.830346
-1.896435
-1.963864
-2.042632
-2.128157
-2.209940
-2.296828
-2.387517
-2.474034
-2.553784
-2.628641
-2.696326
-2.755096
-2.804570
-2.845157
-2.877517
-2.902033
-2.920473
-2.934242
-2.946705
-2.964158
-2.985463
-3.004359
-3.019603
-3.033247
-3.046848
-3.060163
-3.070732
-3.080535
-3.102210
-3.141035
-3.170104
-3.172105
-3.158152
-3.137340
-3.118554
-3.112614
-3.121980
-3.134608
-3.141929
-3.145799
-3.149321
-3.153615
-3.155991
-3.156300
-3.157240
-3.158053
-3.158458
-3.160258
-3.163475
-3.166469
-3.168491
-3.170318
-3.172282
-3.173606
-3.173885
-3.173544
-3.173596
-3.173205
-3.172235
-3.172003
-3.171800
-3.171099
-3.170450
-3.171078
-3.172866
-3.174788
-3.176209
-3.176389
-3.175029
-3.172968
-3.171604
-3.171971
-3.172613
-3.172361
-3.172635
-3.173593
-3.173947
-3.173368
-3.173157
-3.173318
-3.173007
-3.172762
-3.173681
-3.173943
-3.172288
-3.169322
-3.166000
-3.162989
-3.160487
-3.162675
-3.177436
-3.208369
-3.248382
-3.290920
-3.336497
-3.385785
-3.440871
-3.503952
-3.575482
-3.652407
-3.731969
-3.816223
-3.905068
-3.994809
-4.080584
-4.159626
-4.230522
-4.292967
-4.349241
-4.400522
-4.447083
-4.491046
-4.533984
-4.575160
-4.613492
-4.650565
-4.693522
-4.732026
-4.756090
-4.771180
-4.777340
-4.776491
-4.770599
-4.761511
-4.750857
-4.739942
-4.728452
-4.715480
-4.700673
-4.683883
-4.665273
-4.644912
-4.622071
-4.595482
-4.565166
-4.533683
-4.502774
-4.472217
-4.442004
-4.411603
-4.380582
-4.350843
-4.326012
-4.310355
-4.306615
-4.310927
-4.317693
-4.325107
-4.333846
-4.344478
-4.357164
-4.372434
-4.390276
-4.409812
-4.429308
-4.451482
-4.477709
-4.504693
-4.530376
-4.555071
-4.580117
-4.606606
-4.635150
-4.664397
-4.695302
-4.727820
-4.760643
-4.793496
-4.826306
-4.858352
-4.890276
-4.922951
-4.956202
-4.990350
-5.027038
-5.065729
-5.103857
-5.140949
-5.177436
-5.212317
-5.245607
-5.279162
-5.314293
-5.347733
-5.375491
-5.397926
-5.414248
-5.423753
-5.425915
-5.422140
-5.415248
-5.404682
-5.392284
-5.379631
-5.365747
-5.350747
-5.334316
-5.316631
-5.296949
-5.274291
-5.248953
-5.221070
-5.191750
-5.160628
-5.128787
-5.097716
-5.066676
-5.036265
-5.006802
-4.977947
-4.949039
-4.921058
-4.894228
-4.868579
-4.846075
-4.827686
-4.819416
-4.825070
-4.836969
-4.847259
-4.855456
-4.864423
-4.875353
-4.889406
-4.906664
-4.925350
-4.945630
-4.967470
-4.989492
-5.013515
-5.040409
-5.067984
-5.095123
-5.122669
-5.151294
-5.180318
-5.210663
-5.243241
-5.276170
-5.309379
-5.343328
-5.378250
-5.414268
-5.450007
-5.484208
-5.516557
-5.550511
-5.586689
-5.622686
-5.658267
-5.694103
-5.728827
-5.760347
-5.789503
-5.814554
-5.833670
-5.846502
-5.853453
-5.855878
-5.853783
-5.848083
-5.837133
-5.823964
-5.811871
-5.799241
-5.785230
-5.768998
-5.750812
-5.731410
-5.710559
-5.687094
-5.660442
-5.629347
-5.595467
-5.561555
-5.528541
-5.497532
-5.468466
-5.440501
-5.411904
-5.380972
-5.349657
-5.321684
-5.298262
-5.284210
-5.284313
-5.294826
-5.308062
-5.318609
-5.327178
-5.335696
-5.345249
-5.359495
-5.378349
-5.399220
-5.422255
-5.445502
-5.468133
-5.492349
-5.518054
-5.543873
-5.571391
-5.602348
-5.631709
-5.661266
-5.695645
-5.731665
-5.766266
-5.797539
-5.825096
-5.851211
-5.880865
-5.916497
-5.954279
-5.990396
-6.026982
-6.062725
-6.098566
-6.135203
-6.169527
-6.202316
-6.232950
-6.258888
-6.280100
-6.297415
-6.308907
-6.314065
-6.313597
-6.309283
-6.302514
-6.293051
-6.281331
-6.267463
-6.251242
-6.233286
-6.213634
-6.191524
-6.167076
-6.140283
-6.111063
-6.080586
-6.049589
-6.017649
-5.985703
-5.955268
-5.925350
-5.895737
-5.867269
-5.839094
-5.812030
-5.790415
-5.782417
-5.790728
-5.813321
-5.844890
-5.877176
-5.911530
-5.949086
-5.988607
-6.025828
-6.054422
-6.075512
-6.093827
-6.111603
-6.129119
-6.145215
-6.156685
-6.167213
-6.178826
-6.191811
-6.208534
-6.223962
-6.234896
-6.242848
-6.249248
-6.254081
-6.257962
-6.262266
-6.266809
-6.272081
-6.277383
-6.281939
-6.285194
-6.286925
-6.288136
-6.290069
-6.292944
-6.295965
-6.298660
-6.300926
-6.302491
-6.303437
-6.305402
-6.308047
-6.309987
-6.311864
-6.313811
-6.315173
-6.315616
-6.315364
-6.316074
-6.317067
-6.316999
-6.317189
-6.318046
-6.319065
-6.319930
-6.319381
-6.319491
-6.321415
-6.322226
-6.321576
-6.321390
-6.322336
-6.322061
-6.320229
-6.318919
-6.318553
-6.318277
-6.318788
-6.320211
-6.321116
-6.321537
-6.321379
-6.320552
-6.320575
-6.321403
-6.322138
-6.322483
-6.321827
-6.320529
-6.320315
-6.321164
-6.321698
-6.322402
-6.322873
-6.322610
-6.322772
-6.322104
-6.321121
-6.321177
-6.321291
-6.320998
-6.321277
-6.322731
-6.323175
-6.322575
-6.322897
-6.324114
-6.325347
-6.326509
-6.327396
-6.327922
-6.327465
-6.326022
-6.325441
-6.325310
-6.324986
-6.324606
-6.323726
-6.323114
-6.322867
-6.323831
-6.324957
-6.324348
-6.323136
-6.322446
-6.322903
-6.324229
-6.324821
-6.325066
-6.325948
-6.326121
-6.325255
-6.324660
-6.324116
-6.323144
-6.322884
-6.324690
-6.326224
-6.326086
-6.325584
-6.325360
-6.325680
-6.325336
-6.324098
-6.324468
-6.325929
-6.326921
-6.327522
-6.327345
-6.327258
-6.326111
-6.323860
-6.323574
-6.324753
-6.325391
-6.325398
-6.325011
-6.324586
-6.324290
-6.325380
-6.327015
-6.326554
-6.325210
-6.325383
-6.326927
-6.327970
-6.326878
-6.326284
-6.328082
-6.328343
-6.324636
-6.322228
-6.323888
-6.325963
-6.326124
-6.325175
-6.324260
-6.324185
-6.324100
-6.322954
-6.322499
-6.322599
-6.322115
-6.321812
-6.322869
-6.324941
-6.326126
-6.325836
-6.325624
-6.325866
-6.326098
-6.326576
-6.327602
-6.328499
-6.328985
-6.328862
-6.328464
-6.327897
-6.327324
-6.327872
-6.329037
-6.330040
-6.330349
-6.329086
-6.326872
-6.327363
-6.338285
-6.362515
-6.394522
-6.430213
-6.470191
-6.517216
-6.570970
-6.629614
-6.693966
-6.762957
-6.829529
-6.886883
-6.932103
-6.961912
-6.970379
-6.958707
-6.935788
-6.907747
-6.877347
-6.846318
-6.813206
-6.775568
-6.732187
-6.681893
-6.623377
-6.555728
-6.478370
-6.390303
-6.295013
-6.194918
-6.091797
-5.990082
-5.894214
-5.810491
-5.736609
-5.693326
-5.691087
-5.698325
-5.701678
-5.703977
-5.707336
-5.721619
-5.762412
-5.826252
-5.901827
-5.969359
-6.017951
-6.055471
-6.079313
-6.092941
-6.103187
-6.111287
-6.124094
-6.144820
-6.166114
-6.182928
-6.194185
-6.202173
-6.209829
-6.217919
-6.226761
-6.235547
-6.243481
-6.251049
-6.258634
