10000.000000
8758.027032
10000.000000
5721.964143
10000.000000
4008.344604
3390.591020
8498.283142
10000.000000
10000.000000
10000.000000
7324.031311
10000.000000
5177.287850
10000.000000
6075.018536
1452.302211
653.489336
437.192030
380.002411
297.728581
223.297527
193.314148
192.645664
175.703805
160.288308
147.586021
144.475908
148.691363
143.442851
125.514726
103.321921
109.337843
173.017269
239.881754
275.536475
279.159373
305.791077
322.861206
363.300695
415.189181
420.087131
465.807844
529.863533
550.465524
586.497974
644.807154
714.873852
871.065954
1042.825923
1201.617211
1133.866029
1121.641748
1237.592944
1372.681271
1619.363444
1955.578229
2150.309642
2475.749626
4112.420915
4511.159110
3090.580657
2301.114655
2802.869380
5618.478002
1525.363065
1606.563231
10000.000000
3598.912619
5549.650621
8199.459107
3633.529421
3885.956721
3011.344240
3350.840695
8704.644005
10000.000000
10000.000000
10000.000000
10000.000000
6988.683706
3930.321919
4358.495622
10000.000000
10000.000000
6608.671476
10000.000000
8544.888203
10000.000000
10000.000000
10000.000000
4730.024716
5029.364127
10000.000000
10000.000000
10000.000000
10000.000000
10000.000000
5196.717202
2828.617810
4556.818107
10000.000000
6801.254845
7032.319644
10000.000000
6596.473628
10000.000000
10000.000000
10000.000000
10000.000000
10000.000000
10000.000000
10000.000000
10000.000000
10000.000000
10000.000000
10000.000000
5572.004972
5735.581712
5660.847411
5120.783258
6837.730414
8867.230005
6512.753552
5442.085881
4614.453338
5188.405437
4168.847740
3504.814522
5727.378940
4612.704269
2447.448119
2734.917775
5713.703392
7843.146387
4951.636125
5222.159758
10000.000000
10000.000000
10000.000000
10000.000000
10000.000000
7332.805302
10000.000000
10000.000000
7754.950883
4154.406627
2024.031668
1176.395556
1020.317525
1599.411376
2577.511827
1752.980572
1122.199224
852.241713
960.928492
1292.185527
1204.747110
1052.047065
1021.268966
1071.103485
1033.370219
992.905703
1256.114625
2161.913506
3764.296061
5082.577485
5152.915712
10000.000000
5931.491131
2666.884871
1797.359726
1986.331584
2360.757087
1668.743841
1204.240276
1194.211732
1144.056083
824.235406
763.976132
925.817289
1120.101499
929.097299
905.171903
896.110716
741.480470
665.124895
681.312172
689.500302
759.208881
819.585173
716.240801
646.960739
594.625409
679.392044
714.866157
834.934241
1252.380032
1697.416068
2432.355032
4639.562659
10000.000000
10000.000000
10000.000000
10000.000000
3592.862177
2545.891031
1958.371141
1470.854454
1495.375652
1306.523957
851.991415
750.598618
994.618517
1543.556095
1485.254753
1471.190663
1965.892908
1986.403383
2278.045087
3104.313386
5522.684210
6887.698980
10000.000000
5733.223790
2901.221518
2026.276747
2749.154917
6034.226784
3392.711029
3503.273570
4997.117544
7868.670997
10000.000000
9205.059435
10000.000000
6433.367210
7502.836462
10000.000000
7623.961001
10000.000000
10000.000000
10000.000000
5835.037343
2809.272629
4498.404739
10000.000000
10000.000000
10000.000000
6005.935252
10000.000000
4217.616813
8933.462126
5733.514687
10000.000000
7283.451861
9094.076923
9322.641878
4703.249005
6859.369848
9654.305715
10000.000000
10000.000000
4220.728347
10000.000000
910.709588
511.901456
420.551810
317.973235
253.545405
220.612488
204.110680
183.128870
156.580552
150.421556
144.017134
125.197963
115.624241
129.081130
121.650981
130.966923
186.038748
262.322087
270.179604
263.406400
273.112135
284.245394
306.478852
358.425106
444.324121
514.530214
594.605363
596.009569
689.765442
816.584417
660.111599
710.554322
845.279844
1026.918455
1171.764414
1434.460970
1514.286473
1695.349789
2055.561433
1554.357255
1312.923217
1729.258281
1733.752794
1434.590081
2509.969062
7974.498136
4690.031577
2208.135093
2087.054795
4483.266044
4444.204192
3710.614947
4868.928075
10000.000000
10000.000000
4715.872994
3599.049131
10000.000000
10000.000000
4911.459721
5815.946607
6136.528646
9030.480238
10000.000000
10000.000000
10000.000000
10000.000000
10000.000000
10000.000000
8118.792349
8445.919113
10000.000000
10000.000000
10000.000000
10000.000000
10000.000000
9344.802093
3372.997011
2746.736546
4436.408708
10000.000000
6181.420798
10000.000000
9402.960710
4430.943156
6379.486379
10000.000000
10000.000000
10000.000000
10000.000000
10000.000000
10000.000000
10000.000000
10000.000000
10000.000000
5715.798253
10000.000000
10000.000000
10000.000000
10000.000000
4537.444714
4335.074344
10000.000000
6456.898703
10000.000000
10000.000000
7965.607661
10000.000000
10000.000000
7256.872048
4535.025097
6834.942642
10000.000000
8007.099020
10000.000000
10000.000000
10000.000000
10000.000000
9036.367798
7592.397997
10000.000000
10000.000000
10000.000000
10000.000000
10000.000000
4486.242021
3080.760986
3573.453427
5474.304444
8246.318310
10000.000000
10000.000000
10000.000000
10000.000000
10000.000000
5362.461373
6732.515183
5886.202216
4909.097454
8343.997020
10000.000000
10000.000000
10000.000000
10000.000000
10000.000000
10000.000000
10000.000000
2900.477904
2181.360615
3429.649707
9635.071396
10000.000000
7963.171002
7275.555203
9142.779724
10000.000000
10000.000000
10000.000000
10000.000000
10000.000000
5955.103111
10000.000000
4591.685625
4127.380944
10000.000000
10000.000000
10000.000000
8332.666706
7483.780290
10000.000000
10000.000000
10000.000000
10000.000000
10000.000000
10000.000000
10000.000000
10000.000000
10000.000000
10000.000000
8707.424790
3676.314646
4688.772844
10000.000000
10000.000000
10000.000000
7358.989466
3994.699574
4081.898886
8812.086119
10000.000000
9154.815697
10000.000000
10000.000000
10000.000000
10000.000000
10000.000000
7073.115625
6531.851384
10000.000000
10000.000000
10000.000000
8143.775574
6417.167153
10000.000000
10000.000000
10000.000000
10000.000000
10000.000000
10000.000000
10000.000000
10000.000000
9265.069856
6437.707930
10000.000000
7200.211704
10000.000000
10000.000000
10000.000000
10000.000000
10000.000000
10000.000000
10000.000000
10000.000000
10000.000000
10000.000000
4968.937968
4201.006553
9090.940771
10000.000000
10000.000000
10000.000000
10000.000000
10000.000000
10000.000000
10000.000000
10000.000000
10000.000000
10000.000000
4269.855072
3679.515168
6317.561484
9716.358064
10000.000000
10000.000000
10000.000000
10000.000000
10000.000000
8170.548271
7493.329872
10000.000000
4726.794119
3639.137260
7244.680793
10000.000000
10000.000000
6584.424223
3670.681460
2976.442961
4269.078414
7062.208758
10000.000000
10000.000000
10000.000000
10000.000000
10000.000000
10000.000000
10000.000000
10000.000000
10000.000000
10000.000000
10000.000000
6047.603146
4088.041813
5482.019798
10000.000000
10000.000000
5329.083638
6923.851102
10000.000000
10000.000000
7424.578870
10000.000000
5654.295017
4293.089800
5269.369439
8487.430843
10000.000000
10000.000000
10000.000000
10000.000000
10000.000000
10000.000000
6123.173009
10000.000000
10000.000000
5356.296717
4786.848687
4771.462831
6387.792107
10000.000000
10000.000000
10000.000000
10000.000000
10000.000000
7845.829206
5746.347442
5460.135403
6103.013923
10000.000000
9545.619952
6319.875926
5651.129860
7213.728547
10000.000000
10000.000000
10000.000000
9150.931140
8563.095950
10000.000000
9407.572128
8673.518220
10000.000000
10000.000000
7536.521224
3220.439515
3032.676667
10000.000000
10000.000000
9507.093501
10000.000000
10000.000000
8449.642873
3599.944286
3824.724289
8605.514541
10000.000000
10000.000000
3849.699484
4306.285152
6041.788120
9648.818595
10000.000000
6873.107417
5116.263286
6859.428418
10000.000000
10000.000000
10000.000000
10000.000000
7442.881925
5508.164527
10000.000000
10000.000000
10000.000000
10000.000000
10000.000000
10000.000000
10000.000000
10000.000000
10000.000000
10000.000000
10000.000000
10000.000000
8183.122805
9054.882483
10000.000000
10000.000000
10000.000000
10000.000000
10000.000000
10000.000000
10000.000000
10000.000000
6282.692167
4713.647650
8524.908278
10000.000000
10000.000000
7024.486977
4954.577725
5131.330703
5749.755988
6880.325065
10000.000000
10000.000000
10000.000000
10000.000000
10000.000000
10000.000000
6755.319330
10000.000000
10000.000000
10000.000000
10000.000000
10000.000000
10000.000000
5848.301442
4751.583170
10000.000000
10000.000000
10000.000000
10000.000000
7855.194657
5599.795803
10000.000000
10000.000000
7653.843619
10000.000000
10000.000000
10000.000000
9175.270418
5875.696521
4400.238728
3858.857166
5066.874358
10000.000000
10000.000000
10000.000000
10000.000000
10000.000000
10000.000000
10000.000000
10000.000000
6788.392462
8526.161298
6034.336310
6758.169162
10000.000000
10000.000000
10000.000000
10000.000000
10000.000000
10000.000000
10000.000000
10000.000000
10000.000000
10000.000000
10000.000000
10000.000000
10000.000000
10000.000000
10000.000000
8320.530557
4226.994113
3246.373041
4467.289160
9346.527767
10000.000000
1081.806405
452.925255
332.449334
284.047023
252.114121
223.264804
191.530967
174.144407
158.192171
156.041697
148.548671
128.793756
116.952108
105.802658
98.677890
95.741904
93.179561
98.032545
94.272411
89.633134
83.802229
73.450658
71.336680
69.759893
73.046282
80.558994
93.563942
139.782433
216.451223
313.401519
406.506395
521.708539
375.730897
272.479610
275.176115
309.207241
369.677339
447.689656
524.516295
552.678930
658.623710
786.163208
747.719620
757.868341
887.145010
1319.458399
3685.695119
2256.210696
657.732644
370.324641
280.360680
242.384515
208.378465
182.016495
163.920280
143.761685
129.048374
118.557934
116.050993
124.090356
146.732048
204.830627
604.524490
1400.352185
1094.092859
1117.788141
814.811079
603.378375
422.011264
343.399102
311.883339
229.991916
195.424725
180.971951
177.105730
139.969326
115.761786
169.469843
223.310619
319.590399
454.456041
611.485285
594.643563
416.214941
367.951790
427.796291
588.212752
750.357433
809.162051
723.620501
709.842706
824.945568
923.339494
1174.453242
1377.138134
628.836680
318.678225
466.517107
1198.798740
378.786129
531.818740
2932.080126
900.529631
717.949022
1301.205727
3011.883616
9817.565137
10000.000000
3821.927361
3503.876858
2770.722351
2957.000058
5011.382145
6746.170125
6871.292183
9132.868021
10000.000000
5775.058821
4192.559939
7046.532007
6686.525637
10000.000000
10000.000000
10000.000000
9270.285552
7327.179605
5677.850820
8161.017932
10000.000000
10000.000000
10000.000000
10000.000000
9900.866228
9250.866051
10000.000000
8452.469530
6017.392152
10000.000000
8664.776597
10000.000000
10000.000000
10000.000000
10000.000000
9108.776800
10000.000000
10000.000000
5930.185224
10000.000000
10000.000000
5938.832833
4020.374436
10000.000000
2384.546985
2689.020589
3022.168005
1880.865987
10000.000000
2127.828163
3773.220332
5038.104883
1935.650131
1560.233834
3469.753611
6592.348201
3790.001275
8783.286038
10000.000000
10000.000000
10000.000000
10000.000000
10000.000000
4925.534926
3426.680842
10000.000000
982.473672
873.034811
2321.036464
8021.714131
1463.298106
865.872336
1457.049822
4291.667425
10000.000000
10000.000000
10000.000000
10000.000000
10000.000000
10000.000000
8791.611225
6544.053925
4052.884669
3881.404818
10000.000000
5803.529988
3748.606453
5778.146555
1964.027893
1056.546255
1165.077459
1412.620610
1715.442358
610.813439
934.492166
2662.786513
4360.418498
10000.000000
5800.048844
4686.559126
3956.829599
10000.000000
10000.000000
10000.000000
6545.260536
5249.569900
10000.000000
5201.601031
2960.748881
10000.000000
839.385523
755.096962
10000.000000
1755.374532
1211.318836
852.959806
1336.639687
5034.383101
10000.000000
10000.000000
10000.000000
3961.732738
3302.637271
10000.000000
10000.000000
10000.000000
3817.943829
2977.367871
4635.717111
10000.000000
10000.000000
10000.000000
1777.505028
1348.693777
2342.389665
3590.833732
1399.776075
845.132324
1656.104819
5370.226600
8730.892503
10000.000000
8756.401952
8234.752556
10000.000000
10000.000000
7316.865688
4416.895547
4509.152006
4044.692844
4577.553117
10000.000000
4073.144272
5484.441045
1665.849906
1153.241935
2066.554425
2155.402671
2401.058197
885.103175
1570.166508
5538.987329
10000.000000
7330.942615
10000.000000
6085.233787
7250.189665
8080.597897
10000.000000
10000.000000
7993.118446
4142.163332
4075.775950
10000.000000
3022.207317
1510.066540
3487.748771
7971.106040
2015.294077
1339.942323
6020.285507
5132.865625
9871.816529
10000.000000
5278.284360
2119.359141
1991.265089
3636.551541
10000.000000
10000.000000
6841.497274
10000.000000
10000.000000
10000.000000
10000.000000
10000.000000
7958.434018
8625.342620
5809.136584
7235.050492
10000.000000
7144.007898
5665.617782
10000.000000
10000.000000
10000.000000
10000.000000
10000.000000
10000.000000
10000.000000
10000.000000
10000.000000
10000.000000
5591.242010
3855.777643
4588.884001
10000.000000
5715.135633
2303.162570
2015.502552
6644.751147
1617.671084
708.660508
1111.256829
910.093110
756.426018
1866.206204
3637.626984
3318.938466
4463.740254
10000.000000
10000.000000
9581.224143
4339.593854
3091.907823
3746.260852
7514.358717
10000.000000
6719.386064
6306.476803
6686.135014
10000.000000
10000.000000
10000.000000
10000.000000
10000.000000
10000.000000
10000.000000
10000.000000
10000.000000
10000.000000
10000.000000
10000.000000
10000.000000
6813.510751
10000.000000
8934.587961
4978.738121
2838.442351
2171.456237
4682.517890
9196.942735
2567.868812
2352.289805
9476.141010
2494.511873
1774.631166
2622.345090
1866.728624
1883.047369
7054.083718
9501.429778
2765.938750
1766.969201
2776.940455
10000.000000
5826.108553
4950.858998
4360.884820
4900.145687
6770.422116
10000.000000
10000.000000
10000.000000
9582.458217
6792.416180
2631.189902
1861.326040
1869.758819
10000.000000
3097.463437
2933.446440
8856.383969
7770.969558
2131.783163
1632.858101
3339.388437
1637.811110
1213.721973
1364.636951
1226.421335
10000.000000
1442.454573
2498.896480
4821.814690
2820.567341
1755.609974
2220.267419
10000.000000
6170.225702
4879.714650
5425.491391
4514.556326
3406.272977
4333.181965
5878.660441
4143.896598
10000.000000
5187.720035
4494.450055
1875.246859
1543.929098
1915.251602
1663.014191
784.300191
1349.045175
3891.983711
7670.539284
10000.000000
6815.783485
5574.256875
10000.000000
1930.420051
573.534375
321.574236
245.919837
233.527438
215.528578
185.763972
171.223758
149.308450
128.498666
121.270806
107.386177
101.858529
99.903714
96.641164
94.265226
94.556140
94.392771
91.856576
95.016902
79.146663
84.779653
75.711341
75.353996
69.999327
71.767861
67.395755
66.700059
65.110851
67.491612
63.833099
67.033508
65.044535
67.199743
75.596045
88.672128
103.065366
144.782627
239.192752
189.153153
124.353992
115.034560
181.709545
256.026794
140.938519
823.589781
263.225289
197.973942
251.871770
364.998519
395.202046
623.262408
1320.920183
2778.240006
1187.936978
793.557159
544.466367
433.732987
349.257541
284.739097
249.669456
217.356864
181.817765
180.104641
155.215179
121.501227
129.875770
124.735017
97.854647
106.822034
96.805095
92.968074
88.437454
88.926788
87.582305
90.323732
87.123028
86.145989
76.089885
88.191632
98.012223
119.492409
143.026942
175.013686
226.890332
295.231326
273.177147
139.234007
108.253414
225.338236
862.073528
280.253037
501.075477
1172.550763
433.421396
437.140644
636.230930
956.839811
1238.587112
1086.518096
888.270305
1014.251859
1069.178284
1116.995338
1194.224530
1298.984948
1554.958912
1590.973977
2040.634796
2437.341150
3407.325418
6251.283925
10000.000000
2220.189305
1000.812988
575.469752
390.463327
321.187133
299.942455
276.443902
251.895886
239.777281
244.960369
248.843220
237.708775
227.403780
204.903120
199.730944
188.553068
186.425082
186.724889
183.921197
175.382347
175.582294
166.817049
161.727203
171.890033
153.153537
149.119365
147.586827
137.558323
148.747288
149.237951
155.917134
167.155697
175.748537
182.630399
187.115434
181.166205
173.889541
165.453726
154.162007
147.218547
142.144969
147.622496
157.354591
158.778476
161.286787
171.812126
191.166734
237.841779
358.810222
519.022612
536.816126
566.896391
639.158040
674.560676
708.782077
653.330250
716.689521
843.607510
732.754039
622.066283
628.761333
618.505156
384.980706
320.659417
2033.262352
348.781695
369.684852
7857.355479
603.969357
584.904690
747.730658
783.802021
890.265091
1240.178887
3100.306944
1662.438899
585.859769
411.871789
357.847391
293.848791
251.328234
209.020246
184.203867
165.164194
158.050587
142.409444
136.338341
113.336998
117.906771
119.439270
130.866359
149.477849
179.770197
220.324736
274.518671
349.037518
432.855477
463.353505
403.673869
376.624386
429.872389
507.897602
578.972032
647.933278
661.389233
652.893179
665.269880
768.780433
908.106190
1038.291250
907.292096
553.264458
364.228824
280.307629
235.881417
201.542531
193.578848
181.779667
166.879731
162.206646
137.682950
124.585639
113.557330
112.182881
128.073407
131.670040
137.993205
163.976431
189.002012
206.173358
235.175978
267.431064
299.996385
181.964481
113.316296
121.446933
6687.572748
215.359113
264.859183
447.607061
1153.219616
374.772001
497.944203
882.309455
1417.875570
2137.844505
2931.071674
5549.534612
10000.000000
3010.392244
1422.946743
1099.195183
682.238007
522.763208
438.001020
330.100189
335.049615
324.995262
338.024358
286.928705
330.820453
290.011311
280.748653
283.459948
276.079146
278.798787
273.836152
269.544376
268.746581
261.011511
250.874752
248.183988
226.887775
217.105298
220.419840
228.583001
236.031544
243.299793
247.328520
246.042449
245.005902
238.007980
226.650600
216.103699
204.758020
208.057135
214.403291
229.935173
248.331448
255.981339
239.367613
229.896110
222.291324
214.973822
200.537303
198.353471
188.301616
195.099631
210.506701
217.728690
222.822380
225.585264
212.096195
210.043024
206.925366
205.797999
206.973133
219.645066
237.044772
270.567965
305.628383
362.779928
419.420571
403.874625
363.360429
356.347905
281.409261
216.545550
210.450718
9720.408461
319.034154
639.924998
3685.482363
695.282462
590.659162
630.725332
736.522661
891.083592
1217.715979
8609.074540
954.968518
483.440821
362.415536
291.154231
284.767817
251.249829
211.483174
174.284915
155.985318
148.157257
131.171167
117.899715
104.666257
97.756521
94.885808
96.131822
98.730504
94.368692
94.413012
98.407042
96.650598
89.312825
84.601583
87.867012
74.593705
76.523732
87.972625
110.542137
171.787318
248.135450
321.859723
350.235638
163.683790
88.699521
150.592630
644.596223
375.061042
1213.379201
841.113753
375.059556
397.510213
563.921052
998.946718
1344.018358
1624.268783
1499.533937
1160.105199
1176.625458
1280.401016
1390.907070
1586.186173
1903.563713
2196.906032
2114.684403
1993.746530
1916.786124
2610.770648
3115.107481
2719.799612
3445.288013
4332.599416
4795.103762
4308.791234
6009.520119
7537.528594
5668.309220
4912.182350
7582.763123
10000.000000
10000.000000
10000.000000
7079.858330
6425.894214
8773.389699
10000.000000
10000.000000
10000.000000
10000.000000
7019.550664
6877.794181
10000.000000
10000.000000
10000.000000
10000.000000
10000.000000
10000.000000
10000.000000
7894.232114
10000.000000
3222.859814
726.409650
365.864194
259.906101
221.128794
201.908356
195.656066
178.431230
163.957324
152.829790
133.034321
126.042241
110.817253
108.888744
100.262502
98.135940
98.065896
95.011258
92.788603
88.798794
86.626130
84.030513
83.977355
80.053985
80.272435
87.496758
85.032625
98.156355
106.573579
156.600924
243.809576
338.177990
350.732666
413.706253
466.396549
457.986204
444.508347
444.226947
449.956837
464.257377
478.355641
504.064707
586.320324
763.030765
978.923488
1180.285938
1364.709668
1551.279506
1514.485912
1560.161713
1971.785060
2998.830145
2453.159182
1682.729158
1678.303134
1817.421276
1724.537171
1722.579114
1768.486915
2245.012628
2960.023741
3384.808058
5122.040666
8099.448935
6377.986509
7065.282068
6562.136265
3779.222540
3429.525122
4409.663823
6460.743127
7554.518211
10000.000000
10000.000000
10000.000000
10000.000000
4894.077357
2354.152412
3161.720697
10000.000000
2398.172854
1847.354395
3660.107379
4552.624129
2725.947392
2962.905196
2171.515718
1646.658017
1918.812334
4914.437617
2362.152300
854.249869
470.796049
333.399962
283.209278
234.714981
210.458995
188.938025
175.866572
170.026290
152.930504
143.750185
128.029818
114.267717
106.839611
97.166224
92.765114
92.875705
93.297942
95.835555
93.877844
92.034720
86.993577
80.278772
75.476944
74.065433
73.683789
85.818796
102.540631
147.361573
213.517743
268.507123
348.496095
293.972358
117.886385
107.234138
884.936405
313.223525
364.503489
2991.794589
365.091275
334.261863
480.177206
764.815453
1212.352531
2003.629457
1896.231477
1142.350517
865.786603
842.634281
1051.891879
1306.249664
1417.468617
1740.226329
2163.547734
2358.754164
2421.030594
2166.372403
2343.873316
2609.117628
2699.159230
3113.834470
3217.481549
5026.327352
5444.467648
3995.418706
4238.710606
7631.315477
9167.261923
10000.000000
9937.174516
8994.160296
10000.000000
9280.518797
10000.000000
10000.000000
8761.141536
7773.620232
9133.857593
8146.753401
10000.000000
10000.000000
10000.000000
10000.000000
10000.000000
10000.000000
8676.853670
5030.464902
4764.417332
7072.782300
10000.000000
2062.974744
688.196130
377.247510
277.603299
247.120611
230.167931
208.807489
180.116301
162.138106
149.333291
136.056553
129.573591
117.963521
110.552460
105.086184
99.969102
101.612741
99.012260
97.658027
98.590110
95.870770
93.626610
88.571530
86.906050
87.593074
80.887498
86.438805
87.848661
101.170419
118.215445
146.686332
237.217729
274.129342
297.628136
325.733482
423.715259
487.315921
512.064746
538.207346
568.980120
566.740699
550.146938
559.751303
621.589298
775.019253
926.149031
1074.653814
1132.899850
1108.586158
1131.511789
1237.822327
1516.418626
1842.847043
1852.179476
1969.363534
2144.829903
1910.310893
1999.226486
2412.578875
3400.561756
7449.626599
8394.899615
4172.885517
3393.871552
4186.419118
4802.127925
4977.039075
6727.574525
9698.160746
6623.251340
6396.736054
7213.224967
10000.000000
10000.000000
10000.000000
10000.000000
5571.827069
3364.728882
2399.206245
1911.399266
10000.000000
1411.542798
934.321175
1088.903534
7268.026762
1953.873322
2089.546721
2663.682331
1794.879013
1614.488345
3557.268317
10000.000000
4850.909703
991.525593
475.300823
360.644899
307.845567
239.728792
239.691496
239.766332
206.586784
165.483404
160.613858
158.453010
147.881052
123.705302
105.634743
99.409035
101.137270
104.304365
108.726082
105.423696
93.701540
92.800758
88.671757
90.388876
91.033215
91.033646
92.226287
87.114700
87.715310
83.103656
111.325221
138.682290
176.626904
221.462677
290.928443
309.553328
120.910730
119.560143
526.184123
545.591118
428.728006
1001.299511
1232.455256
418.113975
422.636608
602.066783
913.735266
1454.378070
2187.881873
2063.032337
1190.762648
1171.404946
1153.077446
1142.565834
1395.019988
1685.223796
2175.845808
2535.816048
2253.370411
2456.850734
2494.992146
3717.775948
3417.074019
4449.450022
5486.257777
4593.175863
5506.291342
6977.088398
7919.145932
7939.278466
5361.290316
6698.583298
8126.222450
6925.312364
9071.828018
10000.000000
10000.000000
7899.623502
4728.349262
6747.950716
8135.612031
5289.348487
6505.473245
9765.570651
10000.000000
10000.000000
10000.000000
10000.000000
9616.819637
6765.689500
10000.000000
10000.000000
10000.000000
8966.013314
1384.985892
536.142749
315.900771
255.870924
230.080191
206.689797
183.047599
169.078407
148.964490
133.926290
122.671179
111.974781
107.782852
103.508536
100.144297
97.918121
94.821571
96.819319
94.036291
93.942643
93.958656
89.551949
89.846679
86.313864
86.015718
91.614504
88.910877
100.885543
112.389186
118.344954
194.394162
292.938043
341.147990
368.980384
452.227261
494.681443
490.892123
486.709544
481.763579
510.217222
522.855245
522.394816
533.790825
616.648122
749.391302
874.839859
1129.690347
1559.029638
1765.944388
1647.426669
1718.330738
1900.101754
1928.025822
1834.710294
1695.138003
1462.768419
1327.200515
1340.846779
1881.142626
4588.522912
8835.425416
5676.028509
4125.115934
3971.222194
5436.576510
5886.145117
7325.303847
8100.425970
10000.000000
10000.000000
10000.000000
10000.000000
10000.000000
10000.000000
10000.000000
7750.576426
8007.571325
6239.714592
3049.849729
4553.694378
1182.727277
722.087567
843.251757
1317.057194
682.627655
995.698873
1623.193156
2814.734100
10000.000000
8195.026270
2989.979691
1236.852013
616.164752
387.782286
322.447422
261.477017
236.171631
223.052750
205.104394
174.291044
162.902409
141.494747
117.205888
104.625562
105.625344
107.223568
112.925930
130.722780
151.550014
191.611380
273.575424
390.227605
564.664938
777.346629
905.907281
621.550723
418.913980
399.821953
495.985684
654.890460
764.763563
771.614445
779.858598
853.145965
923.744536
1075.684278
1289.012779
1421.547284
1509.098965
1586.996157
1666.979834
1708.693072
1731.604796
2345.380225
2926.464588
2580.554090
2589.180044
2390.339420
1492.824360
730.775762
421.003508
310.278314
267.122679
235.706041
190.981986
170.258876
160.215008
155.789079
143.318756
120.873523
121.374555
120.094449
109.064156
135.280846
146.962180
165.445496
188.003751
213.884650
241.420998
280.860728
249.076248
108.048826
105.693477
262.380410
4972.880758
382.744665
287.444721
462.759042
8479.857065
454.827257
416.933042
662.680447
1099.755039
1617.063065
2958.175611
2957.882739
1857.233961
1590.276686
1655.211267
1652.613130
2076.993191
2798.573026
1947.676506
937.209189
545.460378
794.717906
3587.623515
1369.971184
1264.397585
1541.942007
2818.147940
10000.000000
5865.468948
3234.850838
4061.207548
8268.960167
10000.000000
10000.000000
10000.000000
10000.000000
7437.670926
9528.655414
10000.000000
10000.000000
10000.000000
8542.339155
10000.000000
10000.000000
10000.000000
10000.000000
10000.000000
10000.000000
10000.000000
10000.000000
10000.000000
10000.000000
10000.000000
10000.000000
10000.000000
10000.000000
10000.000000
10000.000000
8611.648794
4413.579267
4042.611840
10000.000000
6832.588911
3504.921586
3958.712138
8457.366273
10000.000000
8632.540849
9735.891044
10000.000000
10000.000000
10000.000000
10000.000000
10000.000000
10000.000000
10000.000000
10000.000000
8122.624521
6347.087491
10000.000000
4955.346292
3254.568752
3906.717408
10000.000000
10000.000000
10000.000000
8328.745610
5829.400658
5453.578609
8341.231869
10000.000000
10000.000000
10000.000000
10000.000000
10000.000000
10000.000000
10000.000000
10000.000000
10000.000000
10000.000000
10000.000000
10000.000000
10000.000000
10000.000000
9487.160548
10000.000000
10000.000000
10000.000000
10000.000000
2968.026503
925.658185
521.473450
344.648564
261.423914
235.776747
227.460421
220.499111
186.857046
180.149344
164.070279
176.097365
179.750538
241.685576
289.400343
355.586314
428.893424
565.275971
690.723231
595.638134
474.792021
447.481184
508.962384
553.239915
581.683240
646.988548
682.925376
725.083282
775.682546
807.477345
886.303300
916.397912
928.551805
880.799808
837.225067
870.634067
1005.784489
1085.131931
1166.023160
1352.220086
1447.148163
1452.032488
1559.532916
1931.777544
2815.497853
3224.264477
3452.244369
3000.603356
2398.327507
2842.790844
2936.309238
3646.809620
5180.341295
3917.910133
4774.586004
5187.584189
3864.426656
4172.800575
4518.138494
4916.882374
5105.316787
7019.460458
8955.041845
6095.879795
5962.890592
10000.000000
8698.876963
5090.148025
5059.569911
6226.183742
4376.348888
3002.649503
3305.231116
4516.278729
4855.784455
5314.477476
6791.517724
7461.521090
10000.000000
10000.000000
6524.382522
3497.166405
3129.549977
2626.737369
3252.706762
4639.748119
3241.139156
2783.493552
3438.363347
4191.680108
4598.129346
4258.593470
3481.222803
3108.973325
3003.725642
3548.002261
3632.940814
3789.006210
3535.934942
3094.885830
3121.634014
2442.701517
2570.014057
2872.995005
2531.276701
2814.412479
2604.729838
2404.793463
2323.554818
1991.820224
1788.147877
1906.146460
2140.432740
2488.341379
1837.949535
1993.967263
4585.477131
9015.654702
5531.686040
4071.530421
4415.239874
4925.122331
6619.278205
10000.000000
10000.000000
10000.000000
6672.324854
5721.671447
10000.000000
10000.000000
7397.255648
9109.326172
10000.000000
7421.655669
7392.872009
5403.248363
4605.901241
6739.038360
10000.000000
10000.000000
10000.000000
7256.223921
4622.460706
9361.314853
10000.000000
10000.000000
7920.862839
3116.277804
2466.304252
2946.674576
3937.091744
5860.133392
4600.195427
4197.131891
3917.739037
3095.834631
2782.881875
3181.256499
3527.817048
3498.973961
3301.955356
3747.713296
6073.287058
4674.992956
2849.401033
2983.776340
5891.451861
10000.000000
10000.000000
8196.523924
5725.242176
6565.442973
4807.165210
4932.907420
7317.799606
6366.058846
7632.242342
5006.672871
3101.972857
2524.924418
2098.243341
2182.891761
2386.187634
2492.657787
3280.659839
4096.143658
3350.328018
2766.638287
2787.841525
3656.394031
5027.419264
5303.570168
4635.608660
3751.588451
3557.494740
4940.829809
5631.862640
5741.621328
6892.049948
10000.000000
10000.000000
5263.538024
7055.247420
10000.000000
8766.919827
6735.875000
10000.000000
10000.000000
10000.000000
10000.000000
10000.000000
10000.000000
10000.000000
6785.535776
10000.000000
9513.403601
7448.157938
3468.067364
2495.709463
2802.517374
3374.064102
5919.678772
10000.000000
6908.043289
5761.416513
4571.630077
3550.903922
3116.236253
2828.546309
3895.109171
10000.000000
8013.398074
6591.468365
10000.000000
10000.000000
10000.000000
8029.019443
10000.000000
10000.000000
6056.635704
5100.587763
9589.096290
10000.000000
10000.000000
8250.642889
6685.824267
4080.258508
3095.506622
2581.885862
2874.827690
3708.804121
3880.081428
3283.612157
4242.779386
5258.697837
3839.298016
3248.995060
5363.738759
10000.000000
10000.000000
10000.000000
10000.000000
6412.033104
3239.024825
5079.440231
10000.000000
7091.419497
5556.931374
7187.911367
10000.000000
7344.984830
3277.303330
3041.811730
3849.910674
4570.613938
4310.066098
4700.566055
4394.124518
3761.293739
3946.537695
4462.653435
4980.058316
6099.448104
3887.528581
2982.342640
2764.509133
2678.016548
3634.553367
5875.384717
10000.000000
3838.094963
2891.791555
3304.292863
8588.687049
2056.833527
1150.794133
1357.137930
1570.460519
1543.929324
1423.166977
1528.282389
1661.321439
1458.960029
1334.648802
1240.453534
1373.991901
1535.216140
1353.559384
1175.726395
1107.297630
1107.229562
1086.997511
1059.222793
1113.288144
1171.100944
1095.265751
1166.002805
923.075250
752.866632
1199.761212
1372.227096
1056.895710
941.034539
886.901763
868.187795
1002.863594
1103.239460
944.342846
928.059320
1005.241957
1054.459149
988.554803
912.368397
902.527845
1076.936037
940.461164
875.999762
1027.134633
1067.801189
1005.644646
995.714251
998.826271
1005.055903
961.358964
957.742538
940.385981
889.459323
898.994843
969.922042
979.463334
1041.302133
1071.080532
990.085476
991.046772
929.645582
911.189165
936.118339
986.289545
1002.004143
1075.985621
1034.688015
931.365434
867.582143
788.286619
825.734961
989.796721
1097.726271
1095.772366
991.149609
863.865911
845.303608
893.617296
904.415114
990.345903
1089.336667
990.220431
970.979689
943.016555
845.408852
852.148312
950.349332
1123.665362
1313.255959
1195.011813
1046.976726
947.340968
830.573218
826.486102
876.974059
932.509737
1089.340818
1103.960947
1083.674954
1049.128805
907.274406
903.031974
906.278508
858.742983
874.923673
925.634490
939.160882
1113.039050
1194.697500
1041.064073
920.685228
935.270684
1048.027501
992.191420
845.949048
886.905324
1034.162867
1012.965919
924.158576
942.987812
964.199598
954.016120
921.826059
917.672240
1005.281095
947.053818
871.675403
931.514521
969.535604
919.316273
986.448690
1036.849491
1053.306254
1026.109141
935.638708
882.763864
863.785774
1006.057704
1054.318674
612.975845
551.217604
918.954269
899.971307
678.416809
491.398483
313.765943
213.909946
210.706968
215.737021
187.324212
140.809871
132.684158
141.173631
137.926658
123.566072
116.262629
95.388152
85.946382
109.863460
125.791049
142.891778
152.035346
162.593584
129.430591
1.839033
110.752492
123.413236
126.524071
137.277034
115.055987
102.780777
122.375400
100.965887
89.195046
97.857618
103.653652
131.189133
135.678249
153.412153
196.505292
471.881060
5286.981843
656.140833
534.295637
657.707665
717.444624
791.021952
592.796863
378.182754
287.486902
204.665094
169.642181
157.974431
145.000692
139.345455
121.964481
118.194496
108.802453
106.434436
103.364127
95.164793
98.834495
94.140699
91.748597
90.385269
90.177924
90.333717
87.634699
97.242106
88.535241
99.041227
89.729099
100.588800
104.596992
105.916832
129.091946
127.865437
168.651453
510.894873
3509.349936
2612.356982
10000.000000
2368.222626
803.769860
445.105454
353.795540
301.711842
229.202319
216.207733
181.113246
131.944205
120.099661
128.104288
117.261602
118.023946
119.210434
110.284002
118.711281
114.658609
112.353937
117.743321
120.066897
117.739014
111.008131
98.649530
96.137809
123.572364
135.228697
116.740412
114.864515
112.760668
108.713446
101.177573
99.351055
97.754261
108.041576
113.567217
129.752742
149.379167
214.545754
351.966366
1092.970395
8290.086290
1109.550641
640.966538
640.610672
673.554656
694.505389
564.741076
358.921624
238.915390
172.880054
175.079712
146.502712
144.140956
125.169145
123.162676
111.208061
112.720674
101.954228
103.104678
100.656899
97.080498
94.383072
93.263379
98.440413
96.659478
102.405724
101.049703
105.225595
112.659986
113.562522
119.657207
123.998095
115.887233
131.194801
128.157641
130.188790
127.213820
136.826611
154.639594
167.310470
235.433066
1689.137087
1083.616248
1805.294865
1521.429269
738.913432
420.600982
327.795059
281.476332
253.050325
213.809562
170.454307
163.952994
145.360369
122.279649
111.680643
110.142042
106.052871
102.803619
101.864613
103.004599
103.445535
105.069466
103.132594
104.172609
101.703479
100.008122
99.215210
103.676236
110.627078
115.669830
111.244085
108.143959
96.627512
92.155558
108.994120
119.727359
133.525292
147.447280
186.710058
290.379836
501.167228
8237.993292
1452.677440
711.896632
635.391502
560.019203
522.363055
455.380843
355.300978
269.364952
207.697575
189.066137
156.148617
144.399693
131.064320
126.830239
119.600082
118.754866
119.971438
127.145652
144.577368
162.638976
237.135980
278.825704
327.667415
342.890199
371.487483
408.953570
482.283393
602.560673
667.519514
620.141666
499.057475
433.305012
357.040541
306.545086
274.878513
255.738979
253.930519
262.450747
304.226913
399.200355
869.871698
2645.086493
770.742756
725.854892
789.175176
665.158699
469.752092
405.036048
353.874956
319.921033
300.394467
282.962551
246.121639
237.797447
266.075400
311.517708
406.970076
700.071514
2499.737727
2043.123075
851.038378
558.537531
458.110724
452.855513
426.911034
371.890576
333.934999
297.642632
293.128542
274.450412
263.849213
267.091226
287.184516
343.909096
604.874118
8419.301102
900.048450
697.910445
716.263925
645.652600
595.808230
548.984350
397.145890
318.472599
299.542539
285.535543
277.317432
255.201059
279.909155
312.673244
409.367265
557.366238
1074.978906
6187.523114
2669.653936
1117.921996
663.516847
513.281265
432.528611
359.784366
314.044275
279.198846
275.366217
278.356043
278.179869
307.367293
332.818260
390.583732
564.064365
1249.188081
1379.613274
602.898284
584.422847
609.977867
568.955046
484.581554
390.273689
345.048657
298.245999
301.817445
286.779055
246.638551
232.698108
307.312748
395.383647
613.430260
1416.453036
7610.169254
1289.057324
782.154987
591.635363
487.322830
416.626831
378.280107
346.574405
319.161600
296.414826
282.516269
259.245700
250.319809
267.489703
335.234346
502.295047
3529.184878
1108.081984
707.454976
684.154791
633.644682
558.280674
479.729041
406.647151
346.569662
325.411444
297.423759
250.203333
242.372876
327.079533
419.771653
599.043161
881.466489
1524.036269
4149.703014
10000.000000
10000.000000
4280.662462
10000.000000
10000.000000
2277.204497
2706.044515
7723.059274
3841.511406
1533.935553
1086.719200
885.174512
792.432448
705.718050
634.737290
606.336035
641.706013
707.935991
785.941135
953.057567
1202.187244
1325.298321
1181.096135
952.236854
729.697459
628.831020
594.624315
596.587535
600.171999
581.041292
599.368349
567.999675
561.756062
612.427618
655.814858
692.893546
722.155958
717.690308
685.893068
668.953794
656.694387
621.529279
606.176773
602.641921
584.376499
564.087801
560.898201
601.693129
625.093519
596.907974
578.289048
582.773420
563.167592
563.018732
583.793335
605.272728
601.098485
600.564352
591.546368
550.447166
554.862316
572.850525
691.981764
804.491285
789.464804
663.611537
583.335400
538.690622
518.074984
533.443338
602.647335
719.436325
806.387716
732.589105
641.866891
590.616311
530.759132
520.603601
513.943425
491.890468
500.423594
511.926657
556.293463
600.763305
646.406465
669.965635
704.906547
703.540460
667.520205
643.463499
653.474023
651.040975
611.265652
576.644742
550.604075
528.634381
567.224849
642.269758
717.723304
773.014888
785.581695
690.601903
610.387266
586.320527
594.885464
607.602299
609.287256
624.379951
604.346967
571.087449
567.122839
568.805309
589.532188
622.760915
648.642311
696.218850
930.540944
10000.000000
739.206829
411.172642
338.218581
293.564277
268.101415
246.601928
216.964499
176.599491
154.269486
152.127722
139.078484
123.731183
130.997191
122.982039
110.444427
119.678508
131.133732
136.847142
152.979182
172.894328
213.056660
258.175727
328.292718
422.074029
583.248404
777.548572
914.422366
626.894316
498.001514
572.786763
717.306697
801.899974
808.463699
822.266500
1035.863996
1097.080657
514.654376
293.006725
397.277054
5624.465620
862.805630
547.615906
575.426560
1964.051238
1115.872344
827.630541
1484.908640
2834.387427
3018.795200
2485.330725
4752.439403
10000.000000
10000.000000
10000.000000
10000.000000
6084.487390
3426.612925
3702.851517
5487.464035
6100.808949
5573.442133
8425.359989
10000.000000
10000.000000
10000.000000
10000.000000
10000.000000
10000.000000
10000.000000
10000.000000
10000.000000
10000.000000
6111.378757
5714.888455
7701.553033
10000.000000
8013.988382
5244.408318
8047.016072
10000.000000
10000.000000
10000.000000
10000.000000
10000.000000
10000.000000
10000.000000
10000.000000
10000.000000
10000.000000
10000.000000
10000.000000
10000.000000
6526.235945
3652.199647
3230.957806
3627.515106
4435.879243
4615.841532
795.941596
343.657637
264.814083
251.859842
233.238444
216.945816
199.996645
170.165904
146.103491
141.604736
133.353195
128.629333
113.281623
113.534516
119.508447
127.505502
145.270657
167.032385
185.838474
202.453269
225.050805
236.307111
246.775122
258.842983
276.602206
272.225908
262.088218
274.471387
436.607319
710.419471
1753.733151
10000.000000
1867.346699
1224.432178
1037.979074
1021.379947
963.011007
864.709923
751.499994
671.387040
599.409460
543.456129
484.451588
420.837078
367.057147
354.763217
360.235930
370.479313
364.190380
363.968569
359.601505
370.918623
453.410387
737.184635
2881.023680
2537.589660
1621.104799
1471.054489
1223.610938
1027.058582
864.680468
706.577311
615.144807
548.396663
559.070426
484.697004
402.163031
401.124743
419.289016
439.692502
433.260635
409.919218
375.319639
368.195687
350.456811
329.873941
326.615368
323.788334
331.361394
337.328596
342.289232
331.892153
328.423378
316.153529
296.338562
275.649553
284.423181
286.970030
300.430119
307.738276
325.544653
331.002423
298.666291
318.725523
380.977470
473.833320
646.239409
1109.696792
4938.509853
2890.677828
1535.561686
1041.329569
881.351097
854.380281
782.550030
727.129632
666.289206
613.989310
550.627928
483.183334
423.090809
387.933143
373.385201
351.567404
341.448899
354.135388
351.593738
355.686606
373.233535
373.186510
383.507752
390.516862
409.591328
425.767329
477.300509
552.540048
1354.772048
1859.332458
872.557852
1028.982588
1290.243681
1173.104804
987.161278
768.760598
626.351014
583.320158
533.025696
496.536281
487.435066
454.017667
397.582570
390.510553
399.334294
386.407523
382.470691
373.398470
355.551763
331.394052
325.356807
323.642604
318.003675
304.998681
298.406543
301.697696
317.086909
336.946764
324.469032
293.649093
303.174813
295.275768
296.642748
301.366474
335.073920
363.651847
427.660341
552.484709
837.596642
1534.217238
4464.720135
5153.581850
1844.483652
1033.285048
821.356726
913.922853
861.360332
780.861878
675.336218
591.771340
566.046067
521.068799
467.168898
408.438526
352.967771
323.134637
319.992024
333.077529
351.501647
373.822123
388.026904
380.657692
348.811509
355.333955
393.601780
489.246729
812.507602
10000.000000
1012.491061
784.399429
1013.127797
1230.963188
1264.113285
1144.605253
758.825667
577.742973
517.283356
460.881073
461.751279
476.128230
446.969024
423.228762
418.947233
408.386214
333.357118
373.114429
366.435538
311.214300
294.742329
307.032992
344.789962
399.035433
422.384462
363.836471
305.317700
281.913197
300.833104
288.488923
309.196571
286.975646
297.880643
309.708881
329.266853
344.764055
411.432863
505.694394
586.071425
935.809079
2024.718989
10000.000000
2539.556012
1611.176616
1148.252464
929.389618
790.945106
672.778091
614.325366
555.347513
494.856110
441.316788
415.579325
371.600548
357.865862
344.499620
347.533376
344.858979
354.734301
367.550490
369.700444
384.078637
386.129650
411.154563
478.076923
1447.298648
1204.233298
465.322776
331.495781
319.427482
292.152090
274.791243
265.665459
269.837363
376.844803
503.059485
593.247753
607.733470
610.832573
669.015811
965.380536
1043.808200
976.613666
879.285813
643.937823
704.676581
1000.685609
1362.976152
1722.277757
2269.619222
2831.376866
2542.463793
2435.362235
2089.763024
2067.719438
2401.275979
3382.576390
6340.565134
9055.894261
5636.581421
3817.081541
3601.941101
4015.717666
4792.860597
6960.793420
10000.000000
5492.389026
4098.443420
5653.464330
5795.810892
5518.697542
8020.333474
10000.000000
10000.000000
10000.000000
10000.000000
10000.000000
10000.000000
10000.000000
10000.000000
10000.000000
10000.000000
10000.000000
5573.561634
10000.000000
10000.000000
10000.000000
10000.000000
10000.000000
6009.025604
8318.786351
10000.000000
10000.000000
10000.000000
7635.887299
10000.000000
10000.000000
10000.000000
10000.000000
10000.000000
10000.000000
10000.000000
10000.000000
10000.000000
8519.378386
10000.000000
10000.000000
10000.000000
10000.000000
10000.000000
10000.000000
10000.000000
10000.000000
10000.000000
10000.000000
10000.000000
10000.000000
10000.000000
7379.268753
10000.000000
10000.000000
10000.000000
8799.033360
8899.621386
9114.933327
10000.000000
10000.000000
10000.000000
7637.517169
10000.000000
10000.000000
10000.000000
10000.000000
10000.000000
10000.000000
10000.000000
10000.000000
9491.626684
10000.000000
8968.579686
10000.000000
10000.000000
8123.039186
10000.000000
10000.000000
10000.000000
10000.000000
10000.000000
10000.000000
10000.000000
10000.000000
10000.000000
5887.935511
7053.885879
10000.000000
10000.000000
10000.000000
10000.000000
10000.000000
8871.092863
10000.000000
7394.167123
10000.000000
10000.000000
10000.000000
10000.000000
9342.768414
4905.545913
10000.000000
9199.839241
10000.000000
10000.000000
10000.000000
10000.000000
10000.000000
10000.000000
6497.492960
10000.000000
8066.396271
10000.000000
6907.672604
10000.000000
9990.117897
10000.000000
5917.418458
10000.000000
2999.898441
4524.450773
6449.253231
5146.098543
10000.000000
10000.000000
10000.000000
10000.000000
10000.000000
9349.696308
10000.000000
10000.000000
10000.000000
10000.000000
10000.000000
5175.612611
9121.126376
10000.000000
10000.000000
10000.000000
10000.000000
10000.000000
10000.000000
10000.000000
10000.000000
10000.000000
10000.000000
10000.000000
10000.000000
10000.000000
9190.443606
10000.000000
10000.000000
8557.623237
5029.634170
10000.000000
1034.572720
444.421625
337.527179
299.780823
285.768839
230.168156
196.864555
187.274368
159.400377
147.180739
152.427520
182.337957
223.633939
378.851606
1398.998987
904.779258
456.601194
365.575176
345.595034
335.254706
316.461920
278.957224
248.068683
209.995547
184.972979
160.610626
140.185404
128.233708
111.704174
111.031886
108.307683
106.820421
117.438085
133.485594
141.175240
248.155814
4656.384966
1421.070246
3058.905298
4539.405925
3130.083990
772.823117
252.130026
170.952886
156.371090
164.979553
226.155585
309.274185
487.262229
834.287542
1111.634148
1257.767781
927.603928
539.555391
521.586146
677.419174
1020.393779
1449.220482
1518.278017
1419.843319
1303.826002
1289.246524
1435.481844
1566.194296
1482.461082
