11.382905
11.272459
11.424324
11.320777
11.355293
11.382904
11.231040
11.369100
11.348387
11.134402
11.141302
11.527871
11.120597
11.072277
11.141304
11.010146
11.258649
10.954922
10.961820
11.065369
10.789248
10.671895
10.582176
10.858291
10.409591
10.299141
10.181802
10.147280
10.644304
10.934219
10.713317
10.885905
10.243914
10.202511
10.754735
11.051561
11.044661
11.348387
11.175817
11.196537
11.389815
11.086073
11.279357
11.327672
10.982537
11.210333
11.148203
11.134407
11.237941
10.954926
11.175815
11.037748
11.092972
10.941112
10.899708
11.065363
10.906616
10.782344
10.747845
10.941115
10.809954
10.837587
10.706416
11.003255
11.044658
10.388896
10.720229
10.727115
10.768542
10.872086
10.913493
10.906616
11.010150
10.975621
10.816857
11.017033
10.858276
10.713320
10.982559
10.858311
11.037750
10.823740
10.948049
10.872102
10.837601
10.782330
10.851376
10.920419
10.872075
10.782337
10.927307
11.010163
10.782353
10.906628
10.809965
10.920401
10.823740
10.823747
10.948023
10.796143
10.768519
10.768548
10.961856
10.927282
10.768516
10.727101
10.968710
10.602903
11.030851
10.685735
10.941106
11.003217
10.706439
10.823771
10.920386
10.899687
10.727131
10.899676
10.844475
10.899727
10.692631
10.906588
10.664988
10.878938
10.837570
10.837541
10.851335
10.713378
10.899726
10.816838
10.816868
10.823750
10.761684
10.796144
10.830708
10.727078
10.803016
10.913537
10.706481
10.872040
10.761637
10.789296
10.830729
11.037737
10.740878
10.858316
10.947969
10.727154
10.941100
10.678756
10.754721
10.816905
10.823734
10.830677
10.596030
10.740967
10.809997
10.768570
10.775403
10.747791
11.079227
10.844440
10.982523
10.678854
10.589118
10.975687
10.851369
10.913482
10.540718
10.803106
10.899698
10.699568
10.747782
10.823815
10.706364
10.989469
10.789255
10.644265
10.727071
11.106740
10.623642
10.754763
10.920406
10.913454
10.616731
10.782406
10.892850
11.030910
11.072294
10.747828
10.796108
10.968768
10.948006
10.637335
11.189646
10.892836
10.982579
11.099882
10.796103
10.885875
10.851384
10.678820
10.927313
10.851329
10.747860
10.920361
10.954900
10.892759
10.616671
10.934168
10.968777
10.920457
10.851432
10.623589
10.713324
10.851327
10.547607
10.796228
10.278321
10.934196
10.761605
10.651139
10.582096
11.092984
10.520114
10.885837
10.692545
10.720163
10.837687
10.816983
10.796148
10.747810
10.809850
10.851374
10.740826
10.996250
10.747821
11.023833
10.602853
10.885955
10.775545
10.775502
11.051606
10.810004
10.713399
10.858223
10.789232
10.720206
10.871986
10.623468
10.568275
10.948028
10.996442
10.816767
10.851343
10.858191
10.968624
10.872102
10.596062
11.003144
10.885918
10.768561
10.699517
10.747859
11.417402
10.934257
10.968728
10.872117
10.299177
10.437113
10.506212
10.451097
10.292184
10.002341
10.381907
11.389804
11.362107
10.872164
11.127533
11.203432
11.168903
10.071293
10.740893
10.968691
11.127485
11.279304
11.396746
11.389831
11.382935
11.610709
11.631423
11.797081
11.500274
11.721156
11.686634
10.782360
11.334582
11.189637
11.417417
10.989434
11.431219
11.382899
11.210334
10.913506
10.651198
10.823770
11.327676
11.044661
10.740931
11.003243
11.258649
11.072275
11.058468
10.927311
11.134399
11.224142
10.948023
10.644290
11.044663
10.892800
11.003242
10.520039
11.092981
11.127497
10.775443
10.982537
10.796152
10.713329
10.809959
10.892798
10.892799
10.720230
10.941123
11.072281
10.547642
10.899713
10.954940
10.975646
10.865188
11.017044
10.637378
10.982537
10.140385
10.506248
10.526956
10.720219
10.927311
10.713312
10.409591
10.899685
10.885906
10.734026
10.885894
10.892797
11.300067
10.740934
11.030875
11.023965
10.948023
10.906627
11.072246
10.927297
10.982542
10.906604
10.913526
10.941100
10.920378
10.927302
10.989463
10.906591
10.809956
11.079169
10.968745
10.761613
11.072257
10.823757
10.809976
10.892818
11.023974
10.865165
10.913496
10.513132
10.775422
10.671915
10.616687
11.023960
10.872099
10.899684
10.879024
10.920431
10.796179
10.872060
10.816861
10.920436
10.837554
10.899678
10.782382
10.837544
10.727115
10.830701
10.913483
10.968755
10.865198
10.934246
10.685671
10.941172
10.830703
10.872132
10.823803
10.920401
10.720282
10.823828
10.720281
10.816811
10.761648
11.106770
10.782359
10.941069
10.837596
10.844462
10.644295
10.899724
10.851333
10.872101
10.865127
10.671916
10.947960
10.796193
10.872137
10.885940
10.706418
11.044675
10.768580
10.823728
10.851338
10.816837
10.927279
10.630542
10.816815
11.017008
10.899646
10.782359
10.727076
10.941149
10.685744
10.665043
10.706415
10.941103
10.837584
10.671862
10.796145
10.789266
10.816902
10.761605
10.906599
11.086100
10.906552
10.803086
10.920400
10.823775
10.775393
10.920453
10.727128
10.968699
10.837530
10.740891
10.768568
10.768605
10.796138
10.810018
10.934253
10.830659
10.858291
10.796189
10.713370
10.872056
10.837527
10.830614
10.878993
10.671933
10.734009
10.989469
10.706448
10.789195
10.809984
10.803018
10.858232
10.906581
10.685750
10.885882
10.761637
10.844438
10.885942
10.858256
10.934170
10.754776
10.941147
10.706473
10.844524
10.823715
10.796203
10.734086
11.044743
10.803069
10.768633
10.741013
10.727165
10.685700
10.906588
10.879086
10.830558
10.671964
10.913597
10.727077
10.754776
10.823848
10.741036
10.823879
10.830706
10.706472
10.789193
10.740847
10.782282
10.692497
10.954884
10.975514
10.823848
10.885882
10.803163
10.906544
10.782316
10.761722
10.913431
10.858286
10.906652
10.706409
10.906699
10.733953
10.782401
10.885773
10.789137
10.927258
10.823763
10.506280
10.858288
10.671845
10.664936
10.637290
10.955017
10.865234
10.796104
10.747948
10.803067
10.775442
10.761601
10.789331
10.872160
10.906497
10.879005
10.982423
10.872195
10.796241
10.844396
10.747876
11.058472
10.775361
10.913426
10.878988
10.782414
10.727131
10.865234
10.782359
10.830623
10.892823
10.761723
10.803145
10.692613
10.913427
10.775332
10.927339
10.802984
10.906701
10.575168
10.878888
10.754647
10.692683
10.865226
10.851354
10.844531
10.816968
10.699432
10.747727
10.734028
10.651200
10.810010
10.837632
10.830706
10.713396
10.796090
10.920449
10.775472
10.927403
10.789212
10.934138
10.789283
10.844513
10.899622
10.782383
10.789326
10.913531
10.851349
10.851350
10.837688
10.892740
10.879020
10.664879
10.865089
10.816922
10.879021
10.885792
10.865074
10.796121
10.809917
10.740891
10.664901
10.885891
10.865181
10.809960
10.727079
10.941193
10.727056
10.885931
10.782316
10.796107
10.906675
10.927225
10.837557
10.741047
10.789363
10.644375
10.954916
10.906671
10.816928
10.761663
10.747882
10.761728
10.837594
10.692556
10.885772
10.692577
10.961755
10.782317
10.740923
10.996453
10.809974
10.823850
10.844583
11.037774
11.003289
10.892885
10.872008
10.844499
10.754623
10.796183
10.816987
10.865118
10.948144
10.782267
10.761691
10.816763
10.816782
10.671964
10.934292
10.816898
10.796147
10.796167
10.865082
10.789208
10.775341
10.803025
10.796131
10.968638
10.816891
10.878956
10.830594
10.747870
10.809942
10.844361
10.809875
10.851277
10.789301
10.747806
10.782235
10.823696
10.782571
10.741156
10.837743
10.892811
10.851545
10.685662
10.830747
10.741058
10.782456
10.644162
10.810134
10.920402
10.672002
10.879181
10.761618
10.796321
10.830866
10.920453
11.093095
11.417301
11.092953
11.037912
11.065342
11.051388
11.154933
10.851232
10.989562
10.747678
10.892831
11.044564
10.775459
10.879065
10.658006
10.595872
10.582175
10.368199
10.809881
10.533765
10.623541
10.803161
10.347360
11.534828
11.707454
11.445159
11.348353
10.002125
10.230112
10.513004
10.589108
10.727336
11.389974
11.265769
10.927134
10.989687
10.954722
10.927532
11.003233
11.148421
10.975590
11.161919
11.231026
10.961975
11.044727
11.079129
10.851572
10.713090
10.658212
10.747640
10.899500
10.906381
10.968522
10.768455
10.616897
11.017251
10.961714
10.913591
11.168870
11.320857
11.417325
11.555381
11.141173
10.644148
10.202417
10.236861
10.733983
10.513145
10.782346
10.754595
10.885997
11.534683
10.892798
10.982502
10.885873
10.533862
11.438092
10.181748
10.499249
10.471644
10.734022
10.851461
11.120468
11.755533
11.175845
11.072295
10.982454
11.127439
11.175816
11.251857
11.134458
11.051580
11.251807
10.961730
11.058545
11.030955
11.596997
10.892776
11.093007
11.431308
10.092157
10.740985
10.596037
10.644365
10.471825
10.782336
10.789322
11.286323
11.037720
11.134295
11.244884
11.272386
11.141345
11.417506
11.168939
11.044665
11.148158
11.217131
11.155002
11.231054
11.238042
11.113692
11.134505
11.244784
10.989477
11.168846
10.975627
11.044646
11.065385
11.092989
10.968786
11.024007
10.975622
10.947918
10.968625
11.065319
11.016962
10.851312
10.996343
10.851448
10.816791
10.761602
10.955018
10.830601
10.899749
10.809908
10.837508
10.803117
10.761577
10.892741
10.630525
10.961923
10.478618
10.057592
10.478585
10.340659
10.195554
10.526948
10.975684
10.664890
10.685665
10.823798
11.279439
10.851321
10.816873
10.865159
11.072234
10.927413
11.065453
10.775525
10.858200
10.796275
10.658212
10.174843
10.823882
10.409596
10.154097
10.099028
11.617533
11.127530
11.010165
11.203452
11.141321
11.093065
11.279370
10.996308
10.941121
10.954925
11.376106
11.162085
11.148278
11.189635
10.803048
11.189642
10.816766
11.127572
11.424359
10.368100
10.375102
10.878982
11.748855
11.293124
11.148106
10.975593
11.051568
11.086089
11.065338
11.030871
10.713254
10.561356
11.141227
10.858314
11.093059
10.982455
10.754752
10.830567
10.851373
10.181901
10.285419
10.761600
11.327657
10.672021
10.133472
11.065381
11.162092
11.155061
11.175865
10.996321
11.362279
11.237971
11.017070
11.086000
11.175853
10.961778
11.168804
11.113710
11.065323
10.906646
10.899775
10.803033
10.906602
11.686607
10.499267
10.154119
11.596939
11.148207
11.244910
11.065371
10.872118
11.044689
11.106691
10.975633
11.030949
11.148156
11.168833
10.892814
11.010128
10.961889
10.989550
10.809963
11.003236
10.941075
10.602876
10.230086
10.402700
10.306092
10.754697
11.327626
11.217186
11.217220
11.079198
11.058453
11.182750
10.920402
11.120590
10.961873
10.996341
10.961857
10.982539
10.934234
11.023950
10.837625
10.740956
10.789195
10.243968
11.562335
10.319876
10.948060
10.057572
10.658130
10.754755
10.906601
10.775457
10.927363
11.182777
11.092940
10.913465
11.251708
11.362202
10.968745
11.079172
11.106793
10.975680
10.961837
11.141258
11.065389
11.175873
11.106828
11.148212
11.023963
11.189602
11.003258
11.148217
11.030896
11.189600
10.968767
10.906617
10.996334
10.823743
10.975600
10.858319
11.099923
10.858329
10.809982
10.803049
10.885890
10.540693
10.319804
11.134360
11.672814
10.934168
10.340598
11.113691
10.803084
10.664993
10.796153
10.768592
11.251790
11.203393
11.065326
10.948055
11.258607
11.382902
11.237981
11.327699
11.010195
11.182764
11.320763
11.099827
11.203446
11.134359
11.148191
11.313847
11.030842
11.182696
11.037727
11.037754
11.017024
11.058460
10.982548
10.968755
10.913521
11.072249
10.885868
10.872074
10.968721
11.030882
10.968746
10.727154
10.885865
10.237013
10.402663
10.285359
11.458812
10.616671
11.762562
10.209383
10.913470
10.934185
10.761666
10.623612
10.961809
11.355313
10.996340
10.844490
11.148183
10.975607
10.906592
10.982518
10.913478
10.913494
10.989466
10.982521
11.155108
10.706395
10.975614
10.906606
10.865167
10.747841
11.058461
11.099881
11.044658
10.678819
10.858289
10.865199
10.941118
10.347465
10.892792
11.458834
11.755669
11.624508
10.782362
10.754734
10.761642
10.809964
11.086083
11.369099
10.789261
10.954934
11.037749
10.961824
11.058480
10.913508
11.072262
11.113697
10.685707
10.899702
10.230120
11.769470
10.630485
10.016124
11.803971
11.396715
11.189628
11.092981
11.017046
11.134401
11.279362
10.865188
11.030857
10.665005
10.637388
10.568361
11.148204
10.837579
10.989442
11.030853
10.671921
11.182688
10.837552
10.423413
11.403654
11.168861
11.010153
11.017065
10.685720
10.444019
10.589025
10.644320
10.305939
11.672799
10.347497
10.996291
10.416578
10.878926
10.485491
10.968648
10.326751
10.409604
10.485510
11.072271
10.568357
11.106796
10.568346
10.768547
11.576245
11.755709
10.706461
10.112816
11.306925
10.747860
10.720321
10.823728
10.036866
10.761699
11.244942
10.858381
10.630577
10.375038
10.375070
11.645238
10.333686
11.914323
10.133448
10.285375
10.706304
10.658208
10.568309
10.975746
10.775467
10.658114
10.996377
10.989375
10.478530
11.224141
11.935235
10.216404
10.471653
11.955884
10.050673
11.548630
11.714236
11.569264
11.196532
11.258655
10.968728
11.244831
10.920438
11.748786
10.306045
10.430267
10.313041
10.713254
10.678785
10.747781
10.947914
11.155070
10.533739
10.879002
10.499440
10.306131
11.327606
10.444229
10.050556
10.747831
10.147323
10.437152
11.258700
11.417475
11.762595
11.803974
10.154277
10.126500
10.264602
10.175011
10.078204
10.188819
11.948990
10.133543
10.133562
10.009261
10.154294
11.831508
11.852217
11.831604
11.541574
11.417461
11.666013
11.769449
11.638312
11.555509
11.534881
11.520995
11.582976
11.465764
11.141319
11.106805
10.837611
11.438163
11.293191
11.141260
11.127492
11.196532
10.768511
11.134423
11.106793
10.872114
11.541662
10.665002
10.948037
11.106779
10.409588
11.044663
10.685689
10.340550
10.340586
10.478636
10.361270
10.520019
10.575303
10.678803
10.809922
10.761617
10.844450
10.989458
11.065396
11.120631
11.155134
11.079155
11.093003
11.286284
11.265507
10.941181
10.899726
10.678756
10.706312
11.072171
10.699513
10.948119
10.968838
10.892876
10.706493
10.830739
11.099879
10.796111
11.217201
11.203494
10.706454
11.327745
10.858226
11.258650
11.251690
10.906493
10.789139
10.809940
11.051477
11.148214
11.299984
11.534698
11.583069
11.548572
11.472614
11.707331
11.403695
11.548566
11.320868
11.382942
11.099777
11.168801
10.402797
11.051518
10.250752
10.727145
10.444103
10.589085
10.402644
10.554590
10.692562
10.706459
10.885835
10.975652
11.244872
11.086055
11.003296
11.203470
11.072254
11.037752
11.092964
11.155063
11.113675
10.941093
11.134397
10.989428
11.092957
11.375971
11.334568
11.272437
11.189630
11.161983
10.720275
10.948026
10.927293
10.899665
11.403634
10.727153
10.685661
10.306052
10.085227
10.609824
10.326690
10.223123
10.533745
10.526836
10.506220
10.747757
10.561364
11.417426
10.658113
11.051586
10.112764
11.030878
10.050541
11.079175
10.913472
11.445016
11.610690
10.934188
10.941024
11.555535
11.617558
11.624483
11.907587
10.147365
10.043695
10.078316
11.921226
10.085077
10.022914
11.976615
10.147248
10.016115
10.209346
11.817728
10.002445
11.824763
11.866044
11.638234
11.769544
11.576207
11.534712
11.410558
11.313974
11.403614
11.334519
11.141344
11.375921
11.127517
11.251712
11.306994
11.127517
11.010190
11.065331
11.003266
10.961823
11.058526
10.975658
10.968678
10.989489
10.851403
11.099882
11.113746
10.989480
10.602851
10.892840
10.803085
10.899693
10.879020
11.010170
10.747814
10.975696
10.830732
10.947963
11.044645
10.906603
10.699562
10.865133
10.713252
10.899698
10.858240
10.975704
10.761742
10.823779
10.878885
10.982613
10.934278
10.927247
10.526907
10.823878
11.024080
10.568349
10.264543
11.051546
10.865105
10.499220
11.003205
10.050587
11.079052
10.968762
11.293055
11.348444
11.748869
11.603839
11.928116
10.105930
10.354286
10.022949
11.741873
11.624590
11.921263
11.838451
11.852207
11.527863
11.534684
11.755653
11.355242
11.244827
10.844491
10.733999
10.568423
10.637349
10.961825
10.561405
10.589109
10.968759
10.892834
10.520003
10.450955
11.265506
10.023053
11.010111
11.700423
10.347453
10.368133
10.657993
10.816906
10.230057
10.306087
10.230092
10.533744
11.037833
11.707348
11.217198
11.500364
10.892747
10.947959
10.160992
11.748824
11.886874
10.437156
10.271421
10.375058
10.444170
10.423501
10.375104
10.423389
10.381956
10.547616
10.299077
10.333631
10.133474
10.250932
10.147182
10.016137
12.073172
12.011038
11.700486
11.721056
11.803988
11.569340
11.589975
11.465770
11.521022
11.389820
11.382871
11.300039
11.099843
11.258593
11.175850
11.058474
11.272399
10.954884
11.196538
10.927334
10.975692
10.927371
10.934200
10.913491
10.941150
10.816847
10.961783
10.837578
10.740885
10.651206
10.437225
10.278447
10.734061
10.934235
10.899713
10.713281
11.010175
10.664986
10.547654
10.810006
10.492498
10.989443
10.444133
10.954977
10.685665
10.837545
10.830716
10.457924
10.430309
10.464842
10.665047
10.402726
10.450967
10.202590
10.533876
11.417390
10.513204
11.134489
10.423338
11.389818
11.362221
11.583082
10.278379
10.154151
10.816857
10.920341
10.892766
11.030920
11.300048
11.286199
11.306939
11.541648
11.403617
11.438162
11.265502
11.451895
11.355345
11.051613
11.355315
11.293187
11.231059
11.092923
11.086117
11.231091
10.858283
11.231062
11.017058
10.968695
11.127482
11.141285
11.127506
10.920358
10.996329
10.865125
10.989480
10.851419
10.927230
10.872180
10.948046
10.830551
10.844488
10.830676
10.961875
10.816804
10.789268
10.996289
10.733988
10.471598
11.307060
11.534784
10.554474
10.264605
10.340556
10.754852
10.706297
10.658216
10.996344
10.885878
11.645270
11.175844
11.389905
11.527900
11.224021
11.003200
11.320883
11.010146
11.120645
10.879075
10.872098
11.189662
11.003166
11.313989
10.989448
10.754717
10.844363
10.527028
10.457967
10.506160
10.444124
10.720180
10.685691
10.803073
10.699598
10.499225
10.402769
11.314008
11.486475
11.479493
10.444101
10.402738
10.602947
10.167898
10.388893
10.506273
10.596072
10.243994
11.120697
11.845355
10.727073
11.438212
10.319967
10.361362
11.120471
11.583011
11.921448
10.402736
10.237108
10.243944
10.188631
10.257705
10.430320
10.464782
10.347471
10.375161
10.437176
10.285327
10.333578
10.271459
10.299058
10.305946
10.216327
11.893617
10.098902
10.023033
11.727989
11.949026
11.672852
11.914440
11.451943
11.631431
11.521014
11.375951
11.410575
11.272495
11.375984
11.244829
11.106788
11.175833
11.079203
11.010200
11.037714
11.037762
11.099859
10.865231
10.934252
11.030817
10.872095
10.913565
10.740946
10.954891
10.595939
10.464785
10.609788
10.934236
10.947988
10.823783
10.671892
10.754718
10.575274
10.823792
10.892810
10.699564
11.037762
10.782364
10.754780
10.740937
10.457838
10.561400
10.216363
10.174793
10.457836
10.416545
10.416493
10.181763
10.547714
11.072288
10.513130
11.113743
10.837547
11.652091
11.638309
10.050689
10.547625
11.196444
11.596935
10.202511
10.354333
10.713377
10.809964
10.865166
11.030830
11.106782
11.051554
11.293185
11.265567
11.189608
11.120623
11.210317
11.196562
11.217174
11.224147
11.175774
10.968756
11.065365
10.982486
11.023933
11.086069
10.934191
11.134349
10.927329
11.003204
10.768578
10.816828
10.927277
11.023944
10.927351
10.816934
10.968820
10.858365
10.706338
10.982556
10.789134
11.051498
10.865079
10.885913
10.892898
10.796090
10.740931
10.830601
10.782469
10.913413
10.271492
11.279341
10.775515
10.022994
10.816811
10.892899
10.658047
10.692651
11.210225
11.189697
11.044648
10.830760
11.590004
11.514016
11.003150
10.022996
10.637481
10.616632
10.920283
11.044561
11.155231
10.471754
10.658208
11.010124
11.382930
10.906450
10.423462
10.271495
10.374993
10.423398
10.720217
10.706437
10.202444
10.533806
10.147249
10.381959
10.375068
10.423392
10.789251
10.464828
11.541566
10.105899
10.381946
10.471785
10.582037
10.651246
10.865164
10.361343
10.554609
11.548666
12.176660
10.340546
10.368082
11.486470
10.713230
10.768453
10.892707
11.486322
11.928146
11.769397
10.036804
11.990475
10.181700
10.119764
10.174788
10.078152
10.202516
10.112878
10.140302
10.195551
10.016037
11.942080
10.071466
11.935173
11.790244
11.824603
11.852290
11.541575
11.576229
11.755749
11.300049
11.555572
11.279349
11.417369
11.300048
11.113663
11.127488
11.155108
11.258652
11.030824
11.044675
11.065345
11.072217
10.913545
11.017087
10.975647
10.982537
10.947984
10.941170
11.037726
10.830640
10.830614
10.948008
10.789210
10.775444
10.630477
10.361228
10.761680
10.816825
10.989476
10.851370
10.727113
10.602934
10.906662
10.637432
10.823761
11.079223
10.768555
10.761604
10.582229
10.616757
10.685635
10.223122
10.271639
10.043862
10.382031
10.685734
10.243943
10.313035
10.181838
10.492389
11.168970
10.450972
11.134403
11.320788
10.250830
11.362224
10.016105
10.271508
10.250885
10.630485
10.879071
10.954978
11.300010
11.230993
11.389800
11.217215
11.424330
11.472644
11.307006
11.534804
11.493336
11.382933
11.265525
11.369108
11.092966
11.196533
11.265615
11.203463
11.120604
10.934163
11.141257
11.203440
11.023919
11.099847
11.127530
11.044699
10.913520
10.975599
11.044671
10.851378
10.872117
11.010197
10.989352
10.809966
10.899735
10.844361
10.941017
10.768490
10.899656
10.706367
11.010112
10.685642
10.775493
10.727233
11.127428
10.326792
11.251790
10.747951
11.161982
11.417385
10.878997
10.955003
11.099868
10.975590
11.030786
10.961855
11.341605
11.562493
11.003158
11.162052
10.727123
10.761645
10.885986
11.182633
10.858290
11.341436
11.189542
10.658005
10.299210
10.471778
10.333538
10.147187
10.326739
10.126690
10.333724
10.796131
10.457879
10.720156
10.878991
11.500195
11.307032
10.782263
10.844453
10.934272
10.961782
10.934215
11.030952
11.099814
11.051626
11.079293
10.899766
11.072284
10.948035
10.920460
11.079171
10.906637
11.079270
10.782334
10.878963
10.948085
10.858351
10.844568
11.016956
11.300167
11.486447
11.141352
10.975539
11.030878
11.244903
10.858341
10.741026
10.609836
10.796255
10.616764
10.029972
10.803079
11.679854
10.209373
10.409592
10.230025
10.402720
10.409686
10.602808
10.589085
10.706392
10.216361
10.140404
10.740839
10.181676
10.872144
11.659119
10.768638
11.072276
10.616570
10.513178
10.727086
11.244837
11.286258
11.196543
11.576224
10.036951
11.520966
11.866198
11.817852
11.624584
11.638357
11.686601
10.664938
10.271644
10.754783
10.230174
11.465795
11.279417
11.403625
11.562359
11.576086
11.431120
11.589879
11.486394
11.369143
11.251712
11.348408
11.396767
11.424366
11.569294
11.148225
11.231066
11.313840
11.106792
11.251749
11.058497
11.189652
11.272417
11.141343
11.134381
11.099932
11.072283
10.968727
11.017093
11.093026
10.968758
11.079222
10.996346
10.823789
10.782292
10.954904
10.803087
10.913527
10.934255
11.168900
10.913483
10.844495
10.761643
10.796157
10.740914
10.906640
10.872036
10.816837
10.878988
10.602815
10.720272
10.816862
10.899686
10.754704
10.851378
10.740929
10.810007
10.740887
11.030914
10.720183
10.803096
10.892760
10.720167
10.727079
10.865153
10.727096
10.975606
10.961781
10.961869
10.913448
11.196559
10.858225
11.010157
10.961836
11.003246
10.844505
10.968772
10.892810
10.892747
10.899699
10.664943
10.720165
10.823726
10.761661
10.720228
10.692666
10.809956
11.099918
11.127531
11.134446
11.410568
11.113665
10.740989
10.609795
10.740948
11.258691
10.637405
10.740926
10.223256
11.755699
10.223200
10.354411
10.381933
10.664938
10.457971
10.713311
11.099898
11.003153
10.927268
10.740951
11.017097
10.740921
10.768564
10.878895
10.941078
10.996309
10.989462
10.920454
10.899671
10.968631
10.913574
10.982567
11.058524
10.803145
11.023863
10.844508
10.837632
10.878910
10.775355
10.810036
10.899750
10.858360
11.017085
10.775357
10.775549
10.961797
10.789360
10.878914
10.685640
10.961739
10.865117
10.830665
10.803072
10.885875
10.809898
10.775560
10.913583
10.906533
10.865267
10.858265
10.816959
10.830672
10.740893
10.851421
10.816832
10.934124
10.858205
10.934183
10.851265
10.830741
10.720220
10.692671
10.906696
10.761711
10.782274
10.768480
10.706394
10.948077
10.747802
10.727076
10.975688
10.727189
10.968801
10.851309
10.796085
10.934117
10.713404
10.796152
11.037819
10.816928
10.892819
10.782395
10.699613
10.920499
10.685603
10.844521
10.733944
10.892715
10.892822
10.747884
10.837594
10.754639
10.727126
10.830681
10.747723
10.782282
10.913419
10.830772
10.685821
10.906619
10.526999
11.106809
10.761605
10.609859
10.754819
10.789278
10.761722
10.865207
10.733967
10.747832
10.927231
10.706390
10.996402
10.865296
10.609675
11.024033
10.858376
10.823707
10.913549
10.865107
10.955003
10.796130
10.982606
10.968726
10.823882
10.734061
10.865161
10.782312
10.906677
10.768491
10.968637
10.879036
10.761717
10.872144
11.072284
10.823767
10.796262
10.720258
10.878949
10.802999
10.733996
10.906517
10.651315
10.844481
10.740866
10.844500
10.747799
10.865109
10.589150
10.947993
10.954964
10.761604
10.761631
10.595877
10.968645
10.713393
10.775443
10.837639
10.858397
10.961789
10.796078
10.775371
10.941177
10.754734
10.872181
10.851414
10.851466
10.934223
10.692522
10.885883
11.051571
10.671911
10.692573
11.003243
10.844495
10.858278
10.789247
10.754795
10.899720
10.837588
10.837541
10.879021
10.699463
11.017081
10.803031
10.775441
10.816818
10.740990
10.734067
10.879049
10.816887
10.913485
10.782311
10.851322
10.837545
10.658074
10.837578
10.809980
10.816893
11.017033
10.768606
10.892778
10.803013
10.823787
10.734081
10.706477
10.796176
10.878976
10.623566
10.858312
10.816871
10.713322
10.803118
10.782335
10.906557
10.899691
10.872055
10.816881
10.906663
10.816910
10.720257
10.761663
11.086019
10.851327
10.858341
10.982570
10.789297
10.734070
10.754744
10.934189
10.872101
10.934173
10.733996
10.954878
10.809934
10.803031
10.671924
10.809952
10.872095
10.913455
10.692588
10.865220
10.734033
10.823818
10.678758
10.816809
10.885864
10.906584
10.713309
10.920416
10.706472
10.637348
11.010183
10.865227
10.954926
10.713344
10.768526
10.851366
10.734009
10.678765
10.830693
10.906589
10.954886
10.734086
10.872103
10.685687
10.761639
10.685688
10.948000
10.782375
10.948046
10.740936
10.789235
10.809962
10.651182
10.616669
10.830667
10.678804
10.975611
10.727153
10.899721
11.313869
10.740934
10.727109
10.920418
10.982558
10.816893
10.658125
10.851371
10.927315
10.768556
10.816883
10.851364
10.878987
10.920418
10.837582
10.754707
10.906574
10.754733
10.727103
10.844453
10.858286
10.879007
10.699506
10.796184
10.340553
10.105869
11.037746
10.789258
10.872084
10.747837
10.934207
10.678807
10.809950
10.885904
10.803048
10.837575
10.816882
11.072282
10.885904
10.982536
10.602867
11.258659
10.775444
10.685707
10.692621
10.823774
10.892812
10.899696
10.858290
10.823760
10.858272
10.809946
10.816853
10.913516
10.803056
11.044650
10.837575
10.830687
10.941133
10.747833
10.906589
10.865173
10.961832
10.816864
11.030855
10.740946
10.941127
10.872095
10.789263
10.913528
10.892803
10.899717
10.858291
10.789243
10.803066
10.899718
10.747818
10.740922
10.858270
10.713324
10.920386
10.823757
10.747835
10.865207
10.747835
10.823743
10.651191
10.899700
10.803080
10.803085
10.768519
10.803061
11.037755
10.768534
10.713338
10.830662
10.844492
10.899679
10.830655
10.879011
10.872096
10.768528
10.844483
10.789229
10.906583
10.823741
10.920391
10.692598
10.837545
10.851436
10.865197
10.768589
10.775479
10.892849
10.941153
10.720270
10.775402
10.934209
10.768499
10.699470
11.010107
10.927309
10.927351
10.782358
10.761642
10.899709
10.761640
10.782340
10.803108
11.010187
10.844442
10.920448
10.685711
10.837609
10.885867
10.747887
10.858284
10.678833
10.809908
11.603800
10.526988
10.043734
10.685693
10.858235
11.072248
11.079143
11.051548
10.333685
10.892829
10.830647
11.141351
10.002373
10.064498
10.996342
11.134426
10.809923
11.300094
11.161985
10.264654
11.472646
11.210345
11.030844
10.582161
11.293167
11.051565
11.375997
10.954931
11.327672
10.299127
10.961842
11.231027
10.430276
11.596871
11.348385
10.961855
11.541677
10.533809
10.899730
10.457898
11.334572
10.368227
10.947964
11.700463
11.017012
11.410554
11.783227
11.065340
11.576138
11.196513
10.167980
11.175807
11.327704
11.168897
11.017058
11.037795
11.527853
10.837615
11.286250
10.968745
11.224113
11.251727
10.609784
11.189627
10.747841
10.602878
10.540736
10.713317
10.823772
10.630483
11.928246
10.437183
11.728055
10.264634
10.609756
10.803043
10.278394
11.472674
10.513141
10.057551
10.589065
11.010197
10.140404
11.051577
11.023996
10.982584
11.037781
11.306927
11.741872
10.050592
11.396713
11.113630
10.589033
11.320803
11.714219
11.079132
11.403625
11.783238
10.078253
10.754761
11.044677
10.257713
10.444084
10.582175
10.230130
11.168901
11.679723
10.340572
11.003231
11.355271
10.250834
10.858285
10.906610
10.609818
10.223215
10.526951
10.423426
10.927304
10.658064
11.127521
10.664954
11.272499
10.975589
11.852337
11.382952
11.610641
10.658075
10.761626
10.823722
11.037754
10.630542
11.534824
12.066278
10.078202
11.279395
10.913530
11.527903
11.030823
11.741885
11.051619
11.672792
10.754784
11.196566
11.279337
11.141314
10.934215
10.609788
10.885895
10.513156
10.948039
10.402722
10.264611
10.423448
10.237051
10.616680
11.562391
10.319855
10.450961
10.423389
10.775426
10.609744
11.079184
11.520974
11.127508
10.471713
11.106731
11.514109
10.775491
10.858259
11.831584
11.458864
11.355315
10.119671
10.023062
11.721200
11.583058
11.831607
11.327662
10.858243
11.099902
11.486408
11.300029
11.155097
11.086097
11.023955
10.851340
10.961841
10.685731
10.789279
10.575245
10.409610
10.250832
10.333697
10.582132
10.809945
10.492430
11.514087
11.548561
10.257719
10.506201
10.513120
10.658147
10.292235
10.388864
11.900641
10.195592
11.755630
11.017103
10.319829
11.348413
10.954904
11.092995
11.224111
11.251720
11.134464
10.195567
11.555525
11.541716
11.603732
11.548595
11.921294
11.603783
11.472634
11.313867
11.493337
11.797083
10.347533
11.099937
10.409626
10.423410
10.561433
10.830692
10.809991
10.720289
10.761659
10.713294
11.051561
10.678797
11.086118
11.037713
11.030809
11.106753
11.141253
11.224183
11.072246
11.596852
11.776335
11.693585
10.851411
10.823833
10.692610
10.865221
11.265551
10.727112
10.996303
10.796195
10.809967
10.844499
10.934169
10.561443
10.568367
10.602930
10.582141
10.520076
10.582222
10.720252
10.878984
10.678778
10.947986
10.961817
10.851372
10.947965
10.796192
11.037813
11.023976
11.389755
10.879037
10.920352
10.989481
10.872136
10.278437
10.382036
10.554580
10.319823
10.437163
10.644279
10.499315
10.499352
10.899691
10.699487
10.554576
10.630527
10.499270
10.837518
10.361239
10.796210
10.395752
10.658138
10.382003
10.699457
10.796157
10.678841
10.816895
10.816868
11.106809
10.948021
10.747847
11.279392
11.037772
11.058455
11.203469
10.837598
11.168963
10.941159
11.168977
11.935054
10.271472
10.478568
10.347452
10.547716
10.547666
10.658116
10.906498
10.630470
10.879084
10.499275
10.948125
10.644360
10.989562
10.326766
10.527046
10.375024
10.623616
10.478550
10.948121
10.734052
10.858188
10.747879
10.927199
10.913601
10.941087
10.989413
11.120591
10.892871
10.982586
11.099908
11.244739
11.368992
11.700313
10.147218
10.830753
10.665050
10.664926
10.678907
10.575313
10.809935
10.789353
10.885799
10.692570
10.796128
10.665020
11.134517
10.582261
10.471690
10.430217
11.010093
10.720299
10.602979
10.809988
10.858281
10.665076
10.381905
11.293214
10.837629
11.010150
10.782446
10.747790
10.920291
10.858294
10.878948
10.761762
11.148278
11.155046
11.016978
11.093004
11.010202
11.058532
11.017013
11.037759
10.989349
10.844405
10.782233
10.906599
10.865173
10.816930
10.920368
11.079213
10.934244
10.713206
11.065398
10.803115
10.886004
11.010091
10.816950
10.851475
10.733985
10.885902
10.837649
10.713313
10.913428
10.837537
10.768594
10.782349
10.727073
10.782263
10.775534
10.879077
10.913556
10.803129
10.768464
10.899694
10.720189
10.837507
10.810009
10.858398
10.968615
10.816861
10.885866
10.623525
10.830612
10.796066
11.168912
10.547722
10.685736
10.775449
10.699445
10.727177
10.941123
10.982563
11.044678
10.678772
10.734044
10.947940
10.878973
10.941123
10.823757
10.975635
10.830666
10.809940
11.003145
10.823756
10.968654
10.913410
10.906674
10.706473
10.796151
10.782322
10.747842
10.671856
10.878922
10.858314
10.727189
10.727148
10.851377
10.768574
10.844506
10.899709
10.858245
10.720272
10.872102
10.692610
10.699515
10.823755
10.885895
10.844532
10.761666
10.913462
10.823769
10.837601
10.892807
10.885852
10.885956
10.865244
10.823783
11.037718
11.514099
11.445028
11.023935
10.810003
10.858324
10.692643
10.747799
10.892764
11.023912
10.499248
10.195605
10.257734
10.954916
10.582156
10.713383
10.685589
10.016101
10.354290
10.457914
10.243933
10.354317
10.161155
10.540738
10.478519
10.623647
10.347500
10.754773
10.706384
11.396653
10.941065
10.609765
10.823685
10.934286
10.941108
10.996339
10.947898
10.948129
10.754660
11.155135
11.375978
11.548639
11.251819
12.038760
11.396587
10.809998
11.666031
10.450984
10.450939
10.872071
10.968847
10.630444
10.671914
11.293163
11.072243
10.906608
11.161913
10.872151
10.955033
11.023880
11.086193
11.092880
11.148154
10.948026
11.155130
10.975693
11.023938
11.010032
11.230953
11.224019
10.996295
10.989388
11.051686
10.961595
11.030674
10.927218
10.982612
10.947966
10.968554
10.899646
10.810008
10.975645
10.851198
10.996501
10.975410
10.878776
10.823902
10.879229
10.789137
10.733863
10.775441
11.010315
10.892987
10.817092
10.740972
10.802940
10.830824
10.734154
10.920469
11.100126
10.098923
11.748757
10.630627
10.596005
10.713465
10.630475
10.692709
11.017058
10.734150
10.450821
10.892966
10.609889
10.837453
10.064535
10.188685
10.250897
10.078278
10.299085
10.430297
10.457910
10.381904
10.478685
10.388827
10.596037
10.658059
10.602834
10.092034
11.258596
10.568322
10.506247
10.720181
10.803053
10.968695
11.003255
11.127558
11.058474
11.148152
11.065391
11.217218
11.127473
11.272402
11.155080
11.065343
11.065366
11.189660
11.127577
11.168960
11.134468
11.320789
11.003157
11.065270
11.155082
11.030885
11.258699
11.541580
10.775515
10.941086
10.968712
10.906633
10.692667
10.920487
10.968733
10.789354
10.975752
10.713375
10.899631
10.747776
10.547543
10.823805
10.768582
10.858332
10.851381
10.858303
10.713338
10.768502
10.830683
10.727107
10.720241
10.637386
10.872104
10.810018
10.927319
10.844497
10.920387
10.796102
10.872148
10.664960
10.844561
10.644252
10.961875
10.734076
10.837518
11.106799
10.492378
10.658264
10.575274
10.630386
10.547791
10.547667
10.678710
10.913640
10.582162
11.003280
10.927304
10.809980
10.865225
10.906638
10.948154
10.858171
10.837471
10.947903
10.720123
10.816809
10.947930
10.941217
10.872186
11.003347
10.913511
10.816832
10.996402
10.768529
11.086145
10.927287
10.989412
10.920408
10.740919
10.161090
11.203387
10.513144
10.381974
10.589082
10.575267
10.520091
10.789252
10.803030
10.809925
10.899735
10.809982
10.844489
10.734068
10.906658
10.692603
10.768469
10.837533
10.644174
10.948019
10.837605
10.789162
10.796286
10.713420
10.747903
10.796090
10.651125
10.747948
10.782413
10.844627
10.899755
11.017048
10.623740
10.913405
10.506037
10.630654
10.464665
10.561329
10.602971
10.713116
10.561399
10.747842
10.665001
10.823811
10.796040
10.513243
11.314025
10.816948
11.051610
10.879174
10.940967
10.961886
10.761848
10.982375
10.865016
10.961798
10.885738
10.975568
10.947994
10.851419
10.996320
10.899755
10.865238
10.851405
10.885811
10.789258
11.127450
11.010213
11.458902
11.417442
10.754796
10.644241
10.381941
10.685770
10.547658
10.768603
10.934152
10.809933
10.892817
10.796113
10.616614
10.734098
10.775460
10.823756
10.878997
10.816856
11.237955
10.319906
10.954852
10.830648
10.699508
10.616615
10.623614
10.782375
10.996276
11.030860
10.789197
10.878999
10.651271
10.865227
10.554469
11.051664
10.285385
10.913468
10.630602
10.796270
10.561420
10.671851
10.727102
10.147267
10.754779
10.444188
11.320665
10.954902
10.906578
10.865275
10.892841
10.968641
10.913527
11.030820
10.913593
10.941195
10.789197
11.134492
10.858199
10.906669
10.678704
11.099970
11.017103
10.796222
10.996344
10.947980
10.934128
10.878975
11.127433
10.333691
11.576180
10.009176
10.513084
10.464753
10.313015
10.036798
10.319897
10.499384
10.043669
10.775354
10.609805
10.865110
10.803167
10.699487
10.768591
11.072361
10.989345
11.341488
11.417504
10.768518
10.872088
10.941221
10.837673
11.023926
10.968757
10.989334
10.941115
11.065449
11.017036
10.961855
10.941170
11.010032
10.975663
10.968640
10.892836
10.975621
10.879062
10.823805
10.858399
10.899736
11.044745
10.796121
10.837578
10.968783
10.878984
10.747716
10.920381
10.872172
10.982492
10.789282
10.775471
11.093011
10.796036
10.954898
10.837542
10.975670
10.982535
10.754646
10.720235
10.734009
10.830734
10.782282
10.720129
10.803085
11.010240
10.899780
10.713243
11.017037
10.823753
10.865113
11.065332
10.823877
11.023908
10.865251
10.816886
10.927412
10.754740
10.816945
10.830595
11.058491
10.733961
10.802956
10.886001
10.740924
10.671979
11.106775
10.699544
11.010046
10.775331
10.782439
10.872151
10.768440
10.816930
10.733977
10.865133
10.913494
10.761659
10.706476
10.968731
10.595880
10.961882
10.768587
10.816754
11.024029
10.823871
10.720204
10.920427
10.699607
10.934277
10.837495
10.961754
10.809954
10.685590
10.885930
10.872201
10.775392
10.872100
10.768590
10.913511
10.830786
10.671866
10.858395
10.754633
10.672019
10.989429
10.796215
10.989494
10.630493
10.823744
10.920448
10.796201
10.803063
10.768511
10.892853
10.982579
10.782380
10.803080
10.823827
10.768517
10.851400
10.837550
10.713360
11.044658
10.706362
10.844450
10.803078
10.630441
10.927282
10.858304
11.003190
10.899716
10.623605
10.906618
10.837572
10.789267
10.664986
10.734029
10.913492
10.920419
10.637428
10.692663
11.120636
10.892822
10.706378
10.678836
10.899695
10.948004
10.589009
10.651163
10.761692
10.713305
10.885852
10.727081
10.954955
10.789298
10.747842
10.727124
10.803048
10.830650
10.851324
10.858278
10.954909
10.782366
10.727132
10.906581
10.692610
10.851406
10.761640
10.989498
10.809967
10.809985
10.713287
10.885848
10.623629
10.803004
11.134404
11.776382
11.300108
10.768486
10.803094
10.699546
11.424276
10.823746
10.582163
10.982535
10.257769
10.154222
10.147309
10.457891
10.112798
11.293159
11.845429
10.561433
10.464778
10.250834
10.506273
10.402696
10.478592
10.499298
10.761627
10.561435
10.823797
10.865150
10.844467
11.293183
10.644299
11.113701
11.168899
10.865173
11.258628
11.175804
10.430310
10.740917
10.423409
10.285340
10.257719
10.437208
10.513139
11.037747
10.285354
10.913506
11.817802
11.141319
10.989452
11.603814
11.617616
11.369123
11.389826
10.188675
11.879943
11.182743
11.106788
11.389836
11.486442
11.576175
11.624525
11.486431
11.527867
11.327671
11.389835
11.852312
11.244844
