11.224137, -0.002735
22.607033, -0.017036
33.879456, -0.045707
45.303738, -0.076504
56.624512, -0.084624
67.979805, -0.084564
79.362663, -0.116829
90.593491, -0.185865
101.962273, -0.270959
113.310333, -0.357093
124.444382, -0.445744
135.585403, -0.524894
147.113098, -0.588646
158.233475, -0.658565
169.305359, -0.751859
180.446228, -0.850264
191.455750, -0.967464
202.712494, -1.174580
213.660645, -1.559686
224.602585, -2.219563
235.623810, -3.206976
246.328079, -4.558459
256.839966, -6.399540
267.147980, -8.792715
277.569824, -11.840280
287.370483, -15.348366
296.824280, -19.434687
305.869659, -24.109108
314.535217, -29.388823
323.205811, -35.563126
331.603699, -42.565456
339.217072, -50.102810
346.104767, -58.532673
351.815704, -67.036964
356.994507, -75.827370
362.032837, -85.328926
366.814545, -95.292473
371.195679, -105.431023
375.307678, -116.008232
378.994232, -126.558502
382.360168, -137.237122
385.484955, -148.189911
388.244049, -158.927155
390.785919, -169.916367
393.102173, -181.004700
395.132935, -191.797852
396.994873, -202.852478
398.656158, -213.876205
400.143707, -224.910797
401.501282, -236.066437
402.710358, -246.954437
403.840454, -258.072968
404.849640, -269.064484
405.754578, -280.120483
406.550690, -291.032593
407.257446, -301.909363
407.899475, -312.956085
408.471558, -323.847687
408.983124, -334.617889
409.446442, -345.355743
409.889008, -356.287903
410.300385, -367.090027
410.674835, -377.921143
410.994965, -388.622772
411.280792, -399.622314
411.545990, -410.663788
411.724701, -421.051147
411.837585, -431.770782
411.957825, -442.497223
412.110748, -453.264679
412.286438, -464.135345
412.448273, -475.047638
412.577271, -485.953491
412.676300, -496.963196
412.735016, -507.938660
412.757965, -518.755493
412.767395, -529.772522
412.770477, -540.630798
412.763672, -551.344116
412.745300, -562.326660
412.718048, -573.184937
412.672913, -584.222595
412.598846, -595.046082
412.496429, -605.993652
412.384033, -616.865173
412.261963, -627.702087
412.122925, -638.483521
411.977509, -649.333923
411.845123, -660.253540
411.713379, -671.124817
411.573792, -681.906250
411.442169, -692.832764
411.335175, -703.842407
411.253510, -714.624451
411.178711, -725.530823
411.111023, -736.340576
411.049408, -747.260803
410.984955, -758.084351
410.919189, -768.907898
410.875732, -779.855835
410.874084, -790.651978
410.897888, -801.420471
410.932007, -812.188965
410.984406, -823.150696
411.053619, -834.077759
411.120178, -844.846069
411.169037, -855.573059
411.211578, -866.541687
411.262085, -877.144470
411.319672, -888.175171
411.371704, -898.860779
411.424377, -909.801758
411.484680, -920.804810
411.550446, -931.511047
411.619965, -942.334595
411.698303, -953.254700
411.783691, -964.154053
411.858917, -974.880920
411.914032, -985.780457
411.948364, -996.624878
411.961884, -1007.524597
411.952820, -1018.217224
411.926178, -1029.123779
411.887299, -1039.788696
411.829468, -1050.667480
411.750275, -1061.504761
411.645630, -1072.341797
411.518158, -1083.192383
411.364777, -1093.904663
411.174835, -1104.802734
410.965912, -1115.617554
410.731628, -1126.431885
410.449341, -1137.251953
410.126343, -1148.008789
409.781921, -1158.799438
409.421448, -1169.624146
409.041199, -1180.344482
408.635925, -1191.139893
408.220795, -1202.045532
407.813507, -1212.744263
407.395813, -1223.608276
406.981598, -1234.361938
406.577850, -1245.143677
406.188538, -1255.967407
405.803131, -1266.998413
405.425934, -1277.732666
405.029419, -1288.583740
404.600800, -1299.523315
404.124023, -1310.239868
403.536102, -1321.165161
402.850708, -1331.821899
402.088287, -1342.549561
401.276184, -1353.335938
400.396942, -1364.123901
399.412994, -1374.909790
398.319244, -1385.449219
397.091187, -1396.119751
395.765442, -1406.848145
394.349304, -1417.523193
392.822937, -1428.189941
391.188599, -1438.812744
389.390686, -1449.745117
387.518677, -1460.426758
385.503296, -1471.222778
383.454468, -1481.703247
381.371979, -1492.085571
379.182098, -1502.840576
376.994324, -1513.469116
374.771393, -1524.153809
372.620667, -1534.472778
370.435669, -1545.052612
368.274780, -1555.735962
366.216034, -1566.235596
364.205109, -1576.793579
362.228729, -1587.435425
360.341370, -1597.974121
358.502899, -1608.808716
356.794098, -1619.461792
355.206116, -1629.986938
353.743958, -1640.613892
352.390167, -1651.637817
351.216339, -1662.196411
350.130707, -1672.896240
349.156128, -1683.773071
348.313293, -1694.653931
347.618835, -1705.247925
347.070068, -1716.016357
346.693909, -1726.902710
346.491516, -1737.931763
346.466156, -1749.004028
346.593689, -1759.751099
346.863983, -1770.543823
347.306488, -1781.503662
347.933197, -1792.433716
348.731995, -1803.041016
349.755920, -1814.183716
350.917847, -1825.014404
352.232880, -1835.917969
353.659576, -1846.925781
355.115295, -1857.623291
356.631378, -1868.403076
358.167786, -1879.145142
359.689636, -1889.714966
361.249329, -1900.530396
362.798950, -1911.270508
364.323669, -1921.909668
365.839996, -1932.724243
367.314423, -1943.579468
368.720428, -1954.381104
370.014771, -1964.918579
371.268433, -1975.780640
372.434540, -1986.687256
373.456238, -1997.559814
374.315186, -2008.377197
375.042938, -2018.975830
375.702637, -2029.668823
376.291687, -2040.504150
376.788727, -2051.040039
377.238251, -2061.826904
377.613068, -2072.098389
377.959351, -2083.027100
378.262878, -2093.784424
378.542755, -2104.431885
378.804565, -2115.010742
379.068481, -2126.100586
379.299469, -2136.618164
379.497650, -2147.502197
379.635895, -2158.193848
379.732697, -2168.913574
379.811096, -2179.750977
379.854858, -2190.567871
379.865265, -2201.364014
379.852509, -2212.111816
379.824829, -2222.921631
379.790009, -2233.772949
379.743011, -2244.513672
379.684479, -2255.509766
379.609314, -2266.257324
379.516022, -2277.280762
379.434479, -2287.883301
379.366302, -2298.769043
379.308655, -2309.544434
379.259552, -2320.319824
379.214569, -2331.371338
379.150543, -2342.181152
379.046234, -2352.894043
378.914307, -2363.751465
378.774811, -2374.539795
378.630737, -2385.259033
378.473602, -2396.129883
378.301270, -2406.751953
378.130493, -2417.318848
377.981995, -2428.265869
377.846375, -2439.261475
377.692566, -2450.077148
377.528168, -2460.927246
377.379852, -2471.784424
377.243256, -2482.752197
377.095184, -2493.623291
376.927002, -2504.218018
376.734711, -2515.219482
376.532196, -2526.103516
376.326752, -2536.870117
376.119507, -2547.567627
375.938690, -2558.313965
375.745697, -2569.729736
375.429626, -2580.659424
374.877716, -2591.614258
374.050171, -2602.454834
372.934082, -2612.693359
371.377014, -2623.013672
369.316864, -2633.315918
366.745697, -2643.445801
363.657257, -2653.263672
360.052826, -2662.593994
355.652649, -2671.997314
350.025360, -2681.899902
343.539581, -2691.229004
336.522736, -2699.533691
328.635925, -2707.383545
320.002136, -2714.523193
310.819977, -2720.881836
302.242065, -2726.159180
292.871124, -2731.408203
283.091766, -2736.375732
272.966858, -2740.991699
262.519379, -2745.242920
251.799423, -2749.111816
240.949707, -2752.577637
230.002045, -2755.695312
218.756042, -2758.582520
207.427475, -2761.219482
195.886765, -2763.665527
184.592499, -2765.832520
173.045441, -2767.845215
161.504852, -2769.687012
150.830902, -2771.212158
139.586136, -2772.636230
128.467529, -2773.895020
117.109009, -2775.053223
106.166290, -2776.065430
94.775635, -2777.027588
83.426247, -2777.900391
72.243477, -2778.686035
61.352898, -2779.393066
50.719597, -2780.010254
39.909210, -2780.548340
28.592094, -2781.037354
17.554916, -2781.443848
6.818603, -2781.758789
-4.181218, -2782.033203
-15.436750, -2782.298096
-26.506544, -2782.532471
-37.563568, -2782.711182
-48.490227, -2782.830566
-59.624229, -2782.924561
-70.848175, -2782.990967
-81.796150, -2783.023438
-92.440437, -2783.031738
-103.485100, -2783.033691
-114.377899, -2783.037354
-125.381119, -2783.015381
-135.901031, -2782.963623
-146.993835, -2782.900879
-158.121124, -2782.832764
-168.896194, -2782.743164
-179.878159, -2782.631104
-190.673538, -2782.501953
-201.385941, -2782.361084
-212.195023, -2782.223389
-223.086990, -2782.088867
-233.978943, -2781.953125
-244.698395, -2781.823975
-255.638840, -2781.702148
-266.710480, -2781.583008
-277.257355, -2781.455811
-288.156097, -2781.310303
-299.110199, -2781.174805
-310.085144, -2781.050781
-320.949646, -2780.928711
-331.965973, -2780.802979
-342.602570, -2780.674072
-353.584137, -2780.528076
-363.723175, -2780.362793
-374.227295, -2780.151367
-384.751587, -2779.914551
-395.469086, -2779.673096
-406.394043, -2779.446289
-417.105225, -2779.232666
-427.512970, -2779.036621
-438.411194, -2778.858154
-449.295929, -2778.698486
-460.028778, -2778.539551
-470.913330, -2778.368652
-481.804779, -2778.197266
-493.103546, -2778.025879
-503.843201, -2777.860107
-514.872620, -2777.680908
-525.895203, -2777.506348
-536.841919, -2777.337158
-547.747070, -2777.157715
-558.817444, -2776.954102
-569.742676, -2776.741699
-580.723145, -2776.528320
-591.627747, -2776.319336
-602.539490, -2776.122070
-613.479248, -2775.950684
-624.398682, -2775.807129
-635.325012, -2775.661377
-646.313232, -2775.496094
-657.218445, -2775.322754
-668.027100, -2775.155029
-679.105164, -2774.998535
-690.072937, -2774.852539
-700.833496, -2774.701904
-711.904419, -2774.530029
-722.726440, -2774.336182
-733.534363, -2774.125488
-744.425232, -2773.919434
-755.447510, -2773.726074
-766.311157, -2773.544434
-777.223206, -2773.366699
-787.735046, -2773.201904
-798.509155, -2773.033691
-809.179565, -2772.854492
-819.794495, -2772.661377
-830.816650, -2772.461914
-841.687073, -2772.270996
-852.585144, -2772.083496
-863.462708, -2771.905273
-874.381653, -2771.725098
-885.175903, -2771.520996
-896.045227, -2771.277100
-906.858582, -2771.001709
-917.774902, -2770.701904
-928.607971, -2770.390137
-939.502869, -2770.067383
-950.280579, -2769.750000
-961.113403, -2769.430176
-971.835632, -2769.106445
-982.661682, -2768.789062
-993.571106, -2768.491455
-1004.536255, -2768.210205
-1015.398376, -2767.951660
-1026.330078, -2767.715820
-1037.013550, -2767.499023
-1047.952515, -2767.279297
-1058.780884, -2767.054443
-1069.650635, -2766.826904
-1080.472168, -2766.605225
-1091.390137, -2766.374756
-1102.107910, -2766.142822
-1112.929443, -2765.919922
-1123.648193, -2765.738770
-1134.464233, -2765.609619
-1145.225464, -2765.514893
-1156.331909, -2765.429932
-1167.113892, -2765.339844
-1178.054443, -2765.233398
-1188.891357, -2765.111816
-1199.734985, -2764.977295
-1210.378418, -2764.841797
-1221.277222, -2764.700195
-1232.127563, -2764.553467
-1242.998657, -2764.405518
-1253.862671, -2764.250000
-1264.533203, -2764.078125
-1275.479736, -2763.901367
-1286.274902, -2763.752441
-1297.146362, -2763.631104
-1308.031738, -2763.520264
-1318.737549, -2763.406250
-1329.781494, -2763.279297
-1340.549194, -2763.141602
-1351.371826, -2762.987549
-1362.221924, -2762.823486
-1373.037476, -2762.656738
-1383.963501, -2762.491211
-1394.592773, -2762.326904
-1405.408203, -2762.153809
-1416.423828, -2761.979248
-1427.322021, -2761.801270
-1438.102783, -2761.615723
-1448.828125, -2761.422852
-1459.767334, -2761.216797
-1470.450928, -2761.002441
-1481.113159, -2760.757568
-1491.816162, -2760.487305
-1502.753662, -2760.206543
-1513.587646, -2759.927246
-1524.256104, -2759.657715
-1535.049194, -2759.400879
-1545.836060, -2759.173340
-1556.651123, -2758.973877
-1567.411133, -2758.788574
-1578.316284, -2758.610840
-1589.401123, -2758.443604
-1600.306396, -2758.276611
-1611.108032, -2758.099609
-1622.026978, -2757.921387
-1632.849487, -2757.755859
-1643.623657, -2757.593506
-1654.542603, -2757.412109
-1665.267944, -2757.216309
-1676.234619, -2757.005615
-1687.069946, -2756.787109
-1697.808594, -2756.567627
-1708.575195, -2756.361816
-1719.342163, -2756.174072
-1730.136719, -2755.989258
-1740.945068, -2755.799316
-1751.877563, -2755.603271
-1762.706421, -2755.405762
-1773.562866, -2755.205566
-1784.357056, -2754.997803
-1795.068237, -2754.781250
-1805.937988, -2754.557373
-1816.772949, -2754.321533
-1827.600586, -2754.067627
-1838.476318, -2753.801270
-1849.144653, -2753.524170
-1859.874756, -2753.234619
-1870.860352, -2752.942871
-1881.563232, -2752.666504
-1892.348999, -2752.394531
-1903.155518, -2752.120850
-1913.954956, -2751.842773
-1924.809570, -2751.562500
-1935.712524, -2751.281250
-1946.394775, -2751.007812
-1957.277344, -2750.739258
-1968.036255, -2750.497070
-1978.878540, -2750.281006
-1989.762573, -2750.077148
-2000.619019, -2749.878906
-2011.551392, -2749.680664
-2022.304199, -2749.474854
-2033.243164, -2749.256348
-2043.947510, -2749.042969
-2054.790039, -2748.834961
-2065.611816, -2748.630127
-2076.406006, -2748.421631
-2087.138184, -2748.219238
-2098.180908, -2748.008057
-2108.981445, -2747.774170
-2119.746826, -2747.509521
-2130.484131, -2747.227295
-2141.207275, -2746.933594
-2151.888672, -2746.630371
-2162.790527, -2746.309082
-2173.664795, -2745.985352
-2184.490723, -2745.668701
-2195.158203, -2745.359375
-2206.067627, -2745.057617
-2216.791016, -2744.776367
-2227.541992, -2744.490479
-2238.361328, -2744.177979
-2249.096924, -2743.836182
-2259.914795, -2743.475586
-2270.739258, -2743.107910
-2281.439697, -2742.748535
-2292.223389, -2742.404053
-2302.959717, -2742.092529
-2313.738525, -2741.818848
-2324.428223, -2741.574219
-2335.380615, -2741.340576
-2346.353760, -2741.112549
-2357.175049, -2740.877197
-2368.058105, -2740.629150
-2378.858398, -2740.380127
-2389.761963, -2740.125244
-2400.541260, -2739.870117
-2411.299805, -2739.608643
-2422.209961, -2739.341309
-2433.065186, -2739.083496
-2443.968750, -2738.823975
-2454.672119, -2738.568848
-2465.576172, -2738.328613
-2476.308105, -2738.120361
-2487.088867, -2737.932373
-2497.973145, -2737.751953
-2508.760986, -2737.584717
-2519.687256, -2737.437744
-2530.510254, -2737.309082
-2541.015869, -2737.190918
-2551.873535, -2737.074707
-2562.544922, -2736.975830
-2573.209473, -2736.885254
-2583.846191, -2736.774902
-2594.800293, -2736.633301
-2605.664307, -2736.470459
-2616.458984, -2736.294922
-2627.205322, -2736.108887
-2638.006592, -2735.911865
-2648.780273, -2735.717041
-2659.540039, -2735.518311
-2670.327393, -2735.311768
-2681.197754, -2735.114014
-2692.102783, -2734.935059
-2702.980469, -2734.765625
-2713.961426, -2734.586182
-2724.831787, -2734.386475
-2735.625732, -2734.163818
-2746.467285, -2733.915527
-2757.211914, -2733.651367
-2768.266846, -2733.371582
-2779.038574, -2733.091797
-2789.948242, -2732.805420
-2800.823486, -2732.520020
-2811.602051, -2732.231934
-2822.324951, -2731.930664
-2833.185303, -2731.604980
-2843.962158, -2731.260498
-2854.786621, -2730.895264
-2865.673096, -2730.523438
-2876.428955, -2730.168213
-2887.226807, -2729.830078
-2897.914795, -2729.515625
-2908.823975, -2729.211182
-2919.594971, -2728.905518
-2930.517578, -2728.583984
-2941.315674, -2728.259033
-2952.217041, -2727.917969
-2962.786621, -2727.574219
-2973.659668, -2727.217773
-2984.408936, -2726.877686
-2995.096680, -2726.552734
-3005.956787, -2726.219238
-3016.802734, -2725.876709
-3027.641357, -2725.518799
-3038.451172, -2725.125488
-3049.142090, -2724.698730
-3059.880859, -2724.260010
-3070.605957, -2723.822266
-3081.247803, -2723.375977
-3092.048096, -2722.917725
-3102.876221, -2722.463867
-3113.697998, -2722.024170
-3124.403809, -2721.621094
-3135.193359, -2721.245361
-3146.107666, -2720.879150
-3156.877441, -2720.528809
-3167.798828, -2720.166260
-3178.581055, -2719.778076
-3189.507080, -2719.356934
-3200.287598, -2718.922119
-3211.122803, -2718.472900
-3222.013184, -2718.024170
-3232.787109, -2717.597168
-3243.568848, -2717.192627
-3254.475342, -2716.800781
-3265.319824, -2716.414795
-3276.164307, -2716.028809
-3286.995361, -2715.649658
-3297.881836, -2715.280273
-3308.755127, -2714.927246
-3319.415039, -2714.601807
-3330.275391, -2714.281006
-3341.087402, -2713.955078
-3351.961182, -2713.617432
-3362.841553, -2713.273926
-3373.701172, -2712.929688
-3384.491943, -2712.589844
-3395.296631, -2712.253662
-3406.032471, -2711.924316
-3416.692627, -2711.606201
-3427.573975, -2711.291748
-3438.434814, -2710.984619
-3449.240479, -2710.679932
-3459.962891, -2710.363525
-3470.898926, -2710.027588
-3481.620850, -2709.695801
-3492.501709, -2709.363525
-3503.279053, -2709.036133
-3514.070068, -2708.704590
-3524.971680, -2708.372314
-3535.894043, -2708.046387
-3546.726807, -2707.724121
-3557.463135, -2707.405762
-3568.248291, -2707.104492
-3578.889160, -2706.831299
-3589.840820, -2706.564209
-3600.744385, -2706.303955
-3611.558105, -2706.040527
-3622.316162, -2705.761963
-3633.059814, -2705.460449
-3643.816650, -2705.135986
-3654.648682, -2704.788818
-3665.335205, -2704.429688
-3676.214600, -2704.057129
-3686.900879, -2703.690186
-3697.856201, -2703.314697
-3708.632080, -2702.942139
-3719.366455, -2702.567139
-3730.356445, -2702.190186
-3741.160645, -2701.836914
-3751.979004, -2701.492188
-3762.817871, -2701.140137
-3773.849609, -2700.775146
-3784.846924, -2700.412598
-3795.733887, -2700.053467
-3806.600098, -2699.698486
-3817.439453, -2699.364502
-3828.189697, -2699.057617
-3838.981689, -2698.756836
-3849.794189, -2698.445312
-3860.654541, -2698.123535
-3871.597656, -2697.791748
-3882.374512, -2697.450195
-3893.130127, -2697.088623
-3903.940430, -2696.714844
-3914.750488, -2696.333496
-3925.415283, -2695.942383
-3936.341797, -2695.530029
-3947.150879, -2695.118896
-3957.939453, -2694.714600
-3968.728516, -2694.322998
-3979.587158, -2693.948975
-3990.370850, -2693.604004
-4001.141602, -2693.289551
-4011.940674, -2692.997314
-4022.733154, -2692.716553
-4033.698242, -2692.437500
-4044.511719, -2692.165771
-4055.387207, -2691.891113
-4066.214355, -2691.617920
-4076.958984, -2691.354004
-4087.765869, -2691.096924
-4098.606934, -2690.829590
-4109.413086, -2690.545898
-4120.260254, -2690.247314
-4131.044922, -2689.931152
-4141.787598, -2689.599121
-4152.564453, -2689.258545
-4163.382812, -2688.918701
-4174.160156, -2688.583008
-4184.895996, -2688.245117
-4195.728027, -2687.893311
-4206.614746, -2687.529053
-4217.459961, -2687.158447
-4228.139160, -2686.786865
-4238.963379, -2686.410889
-4249.698242, -2686.046143
-4260.474609, -2685.683838
-4271.112793, -2685.327148
-4281.916992, -2684.968994
-4292.831543, -2684.611572
-4303.498047, -2684.269043
-4314.372070, -2683.934082
-4325.129395, -2683.630127
-4335.922363, -2683.361084
-4346.750488, -2683.117432
-4357.668457, -2682.884521
-4368.758789, -2682.636963
-4380.169922, -2682.261719
-4391.244629, -2681.625732
-4402.237305, -2680.627441
-4413.209961, -2679.198242
-4424.095703, -2677.291992
-4434.973633, -2674.821533
-4445.402344, -2671.822998
-4455.751465, -2668.126221
-4465.604004, -2663.832031
-4475.261719, -2658.793945
-4484.647461, -2652.972412
-4493.297852, -2646.547363
-4501.391113, -2639.277344
-4508.563477, -2631.393799
-4514.812988, -2622.837158
-4520.073730, -2613.655273
-4524.197266, -2604.142334
-4527.378906, -2593.811279
-4529.337402, -2583.461182
-4530.064453, -2572.862549
-4529.412109, -2562.079102
-4527.343262, -2551.940674
-4523.247559, -2541.157471
-4517.320801, -2531.061035
-4510.057617, -2522.215820
-4501.695801, -2514.543457
-4493.646484, -2508.606201
-4484.991699, -2503.151855
-4475.835938, -2497.985107
-4466.443359, -2493.095459
-4456.800781, -2488.394775
-4446.456055, -2483.628418
-4436.087402, -2479.222900
-4425.867188, -2475.356445
-4415.441406, -2471.881348
-4404.932617, -2468.787598
-4394.363281, -2466.012695
-4383.655273, -2463.480957
-4372.753906, -2461.146973
-4361.978027, -2459.062744
-4350.984863, -2457.129150
-4339.896973, -2455.341797
-4329.050293, -2453.756104
-4318.099609, -2452.317871
-4307.097656, -2451.012451
-4296.311523, -2449.822510
-4285.659668, -2448.678711
-4275.067871, -2447.490723
-4264.408203, -2446.118408
-4253.643555, -2444.409180
-4242.946777, -2442.281250
-4232.296875, -2439.656738
-4221.988281, -2436.543457
-4212.020996, -2432.886719
-4201.956055, -2428.406006
-4192.310547, -2423.197998
-4183.179688, -2417.220215
-4174.452148, -2410.250732
-4166.335938, -2402.358398
-4158.916504, -2393.680420
-4152.121582, -2384.333984
-4146.069824, -2374.979736
-4140.446289, -2365.942383
-4134.993164, -2357.319580
-4129.440918, -2348.719238
-4123.532715, -2339.757568
-4117.633301, -2331.055664
-4111.424316, -2322.240479
-4105.009277, -2313.608643
-4098.242188, -2305.081543
-4090.742676, -2296.317627
-4083.276611, -2288.385986
-4075.311768, -2280.824463
-4066.980713, -2273.817627
-4058.530273, -2267.528564
-4048.827637, -2261.471436
-4039.750488, -2256.859131
-4030.113770, -2252.691650
-4020.318115, -2248.990234
-4010.155273, -2245.535400
-3999.800781, -2242.289062
-3989.130859, -2239.155762
-3977.788330, -2236.067139
-3966.930176, -2233.421387
-3956.098633, -2231.125000
-3945.300049, -2229.123779
-3934.322510, -2227.303467
-3923.271240, -2225.639648
-3912.122559, -2224.119385
-3901.068359, -2222.784912
-3890.077148, -2221.631348
-3878.871826, -2220.609619
-3867.944336, -2219.743896
-3856.912598, -2218.974365
-3845.902588, -2218.294922
-3834.316406, -2217.794189
-3823.424072, -2217.696045
-3812.332275, -2217.859863
-3800.901123, -2217.919678
-3790.811279, -2217.703613
-3780.079590, -2217.256836
-3769.494385, -2216.777832
-3758.855957, -2216.422363
-3748.385986, -2216.225342
-3737.604248, -2216.111816
-3726.815186, -2216.036865
-3715.529053, -2215.971436
-3704.491455, -2215.919434
-3693.357178, -2215.899414
-3682.112305, -2215.915283
-3670.840088, -2215.977051
-3659.699219, -2216.080078
-3648.282471, -2216.211670
-3637.114502, -2216.358887
-3626.071045, -2216.522217
-3614.924316, -2216.700684
-3603.708740, -2216.887451
-3592.555664, -2217.094727
-3581.327148, -2217.333496
-3570.092041, -2217.590332
-3558.981689, -2217.862793
-3547.850830, -2218.147705
-3536.609619, -2218.431152
-3525.623779, -2218.713867
-3514.458984, -2219.014648
-3503.487793, -2219.326660
-3492.448242, -2219.662109
-3481.388428, -2220.013184
-3470.301270, -2220.372803
-3459.338135, -2220.724854
-3448.319580, -2221.071533
-3437.349365, -2221.416016
-3426.407227, -2221.771729
-3415.444824, -2222.141113
-3404.385986, -2222.519775
-3393.375977, -2222.911133
-3382.532227, -2223.316162
-3371.543701, -2223.730713
-3360.699463, -2224.126221
-3349.889648, -2224.514648
-3339.135254, -2224.908447
-3328.187744, -2225.313965
-3317.364746, -2225.719727
-3306.473145, -2226.141113
-3295.671387, -2226.560791
-3284.842285, -2226.987549
-3274.048340, -2227.432617
-3263.296143, -2227.881836
-3252.412598, -2228.329346
-3241.790283, -2228.747070
-3230.835693, -2229.147949
-3220.363770, -2229.522461
-3210.314209, -2229.924316
-3199.845703, -2230.383789
-3189.516602, -2230.872559
-3179.335205, -2231.409668
-3168.822510, -2231.957275
-3157.858887, -2232.471680
-3147.204346, -2232.941406
-3136.528076, -2233.389404
-3125.711426, -2233.782715
-3114.436768, -2234.111084
-3103.589111, -2234.393066
-3092.776367, -2234.691895
-3081.916260, -2235.023193
-3070.849609, -2235.374756
-3059.927979, -2235.730225
-3048.868652, -2236.098389
-3038.099121, -2236.457764
-3027.247314, -2236.830322
-3016.457520, -2237.204346
-3005.804932, -2237.550537
-2995.634521, -2237.850830
-2984.815430, -2238.172852
-2974.414307, -2238.592773
-2964.273926, -2239.120361
-2954.190918, -2239.688965
-2942.592773, -2240.359863
-2931.479248, -2240.917969
-2920.476807, -2241.330322
-2909.278320, -2241.663818
-2898.141113, -2241.966553
-2887.052002, -2242.262695
-2875.776611, -2242.562256
-2864.784424, -2242.863281
-2853.847656, -2243.171875
-2842.897217, -2243.485352
-2831.526123, -2243.822998
-2820.369385, -2244.168457
-2809.227051, -2244.532471
-2798.044434, -2244.928711
-2787.249268, -2245.341309
-2776.068115, -2245.777100
-2765.258789, -2246.178223
-2754.137695, -2246.557861
-2742.719238, -2246.925049
-2732.358398, -2247.312988
-2721.994873, -2247.802979
-2711.133301, -2248.418213
-2699.409180, -2249.180176
-2688.135254, -2249.838379
-2676.996094, -2250.284912
-2666.024902, -2250.595703
-2654.976562, -2250.862793
-2643.893066, -2251.102539
-2632.830078, -2251.330566
-2621.802002, -2251.578857
-2611.092041, -2251.844482
-2600.534668, -2252.134521
-2589.397949, -2252.451416
-2578.543701, -2252.748535
-2567.454834, -2253.053467
-2556.477051, -2253.373779
-2545.727539, -2253.709473
-2534.902344, -2254.050537
-2524.055664, -2254.369629
-2513.877197, -2254.634033
-2503.595459, -2254.909180
-2492.842285, -2255.334961
-2481.531494, -2255.952881
-2470.875732, -2256.541748
-2460.754639, -2257.042480
-2449.698242, -2257.488281
-2438.540283, -2257.791992
-2427.387207, -2258.002441
-2416.212891, -2258.188477
-2405.218262, -2258.381348
-2393.857666, -2258.576904
-2382.621338, -2258.769043
-2371.606445, -2258.988037
-2360.523438, -2259.245605
-2349.350830, -2259.514893
-2338.392090, -2259.772949
-2327.226562, -2260.043457
-2316.116943, -2260.344971
-2305.056885, -2260.686279
-2294.156250, -2261.048340
-2283.262695, -2261.416504
-2272.465576, -2261.773926
-2261.564697, -2262.127197
-2249.886963, -2262.582520
-2239.399170, -2263.073242
-2229.258301, -2263.591797
-2217.678467, -2264.221436
-2206.542236, -2264.738037
-2195.303467, -2265.109619
-2184.241943, -2265.401367
-2173.373047, -2265.666016
-2162.331299, -2265.920898
-2151.227539, -2266.176025
-2140.255127, -2266.441895
-2129.227783, -2266.723877
-2118.083496, -2267.017578
-2106.918701, -2267.317871
-2096.030273, -2267.626953
-2085.025391, -2267.966797
-2074.069580, -2268.331787
-2063.087158, -2268.727539
-2052.285156, -2269.142334
-2041.289917, -2269.561768
-2030.355713, -2269.949463
-2019.758789, -2270.304688
-2009.536743, -2270.710205
-1999.146362, -2271.216309
-1988.855103, -2271.769043
-1978.118896, -2272.399414
-1966.807739, -2273.010010
-1955.600098, -2273.472656
-1944.389404, -2273.855225
-1933.315918, -2274.210938
-1922.262817, -2274.554932
-1911.084961, -2274.885742
-1900.169556, -2275.216064
-1889.054688, -2275.572754
-1878.098999, -2275.940918
-1867.109375, -2276.325195
-1856.154541, -2276.717529
-1845.179321, -2277.118408
-1834.252930, -2277.532471
-1823.238037, -2277.979248
-1812.410522, -2278.447266
-1801.679810, -2278.916260
-1790.899292, -2279.348877
-1780.661011, -2279.690186
-1769.103882, -2280.037109
-1758.789062, -2280.360107
-1747.848389, -2280.762207
-1737.800659, -2281.207031
-1727.153809, -2281.697266
-1716.409424, -2282.169434
-1705.512817, -2282.636230
-1694.747192, -2283.096436
-1683.828857, -2283.540527
-1672.653076, -2283.936035
-1661.565063, -2284.266602
-1650.655518, -2284.559082
-1639.407593, -2284.850830
-1628.049438, -2285.154053
-1617.085083, -2285.464355
-1606.010620, -2285.787354
-1594.908447, -2286.107666
-1583.937134, -2286.417236
-1572.979614, -2286.724854
-1561.843018, -2287.047119
-1550.782715, -2287.382568
-1539.612427, -2287.735840
-1528.511841, -2288.108154
-1517.370483, -2288.499023
-1506.353271, -2288.884766
-1495.169922, -2289.258789
-1484.172119, -2289.605225
-1473.029053, -2289.944092
-1462.003296, -2290.280762
-1450.818970, -2290.624268
-1439.855469, -2290.964111
-1428.954224, -2291.306396
-1417.963135, -2291.645996
-1407.144531, -2291.979492
-1396.174438, -2292.327148
-1385.321899, -2292.681396
-1374.228271, -2293.055176
-1363.376831, -2293.441895
-1352.574829, -2293.857178
-1341.780762, -2294.297607
-1330.904175, -2294.747559
-1320.371704, -2295.163818
-1310.058228, -2295.525146
-1298.928711, -2295.853516
-1287.261597, -2296.218262
-1276.335327, -2296.633789
-1266.009033, -2297.177490
-1254.917114, -2297.872803
-1244.127930, -2298.420654
-1233.470093, -2298.811279
-1222.679077, -2299.144287
-1211.914673, -2299.444580
-1200.666260, -2299.720215
-1189.465576, -2299.966553
-1178.402832, -2300.205566
-1167.457397, -2300.445068
-1156.201782, -2300.704590
-1144.822632, -2300.996826
-1133.589478, -2301.326172
-1122.267700, -2301.692383
-1111.263794, -2302.064453
-1100.087402, -2302.441895
-1088.772461, -2302.804932
-1077.677734, -2303.141357
-1066.478882, -2303.462158
-1055.348999, -2303.777832
-1044.205566, -2304.103516
-1032.896606, -2304.436035
-1021.870544, -2304.760742
-1010.692749, -2305.091797
-999.659973, -2305.422363
-988.627258, -2305.755859
-977.615417, -2306.093750
-966.562439, -2306.441895
-955.585449, -2306.791260
-944.622314, -2307.142334
-933.714600, -2307.498291
-922.648193, -2307.857910
-911.767517, -2308.194092
-900.900330, -2308.520020
-889.936951, -2308.862305
-878.912231, -2309.230957
-867.951111, -2309.639893
-857.233521, -2310.092773
-846.358459, -2310.577637
-836.131104, -2311.022217
-825.736511, -2311.431885
-815.457458, -2311.791992
-804.006165, -2312.207031
-793.398193, -2312.636719
-781.648682, -2313.190674
-771.452576, -2313.711182
-760.550232, -2314.203857
-749.624512, -2314.634033
-738.870544, -2315.041016
-728.254089, -2315.430908
-717.298157, -2315.789795
-705.946777, -2316.088623
-694.953186, -2316.334473
-684.111572, -2316.584229
-672.966858, -2316.862305
-661.995300, -2317.160400
-651.093506, -2317.483887
-640.116577, -2317.834229
-629.209229, -2318.199951
-618.302063, -2318.571533
-607.318848, -2318.942139
-596.342224, -2319.302002
-585.192688, -2319.654541
-574.492188, -2320.009766
-563.524231, -2320.419678
-552.627808, -2320.890869
-541.775696, -2321.423340
-531.041260, -2321.959961
-519.994690, -2322.472656
-508.904877, -2322.945312
-497.869659, -2323.401855
-487.199371, -2323.828613
-476.347687, -2324.207275
-465.486816, -2324.513916
-454.549103, -2324.786865
-444.206696, -2325.110352
-433.322723, -2325.548584
-421.877441, -2326.105713
-410.141693, -2326.789795
-398.536224, -2327.454834
-387.767212, -2327.991211
-377.023590, -2328.479980
-366.272003, -2328.945068
-355.470428, -2329.370850
-344.390411, -2329.737549
-333.025757, -2330.055420
-322.240448, -2330.347412
-311.290070, -2330.663330
-300.257660, -2331.006592
-289.301849, -2331.369629
-278.250366, -2331.762939
-267.345062, -2332.186035
-256.282257, -2332.643555
-245.178940, -2333.123779
-234.504440, -2333.613037
-223.616699, -2334.123535
-213.396881, -2334.582520
-201.640686, -2335.141357
-191.025223, -2335.706299
-181.026917, -2336.303467
-169.248505, -2337.079834
-157.871597, -2337.751465
-146.693146, -2338.251465
-135.607544, -2338.656006
-124.596733, -2339.026611
-113.468102, -2339.385010
-102.194435, -2339.743408
-91.335297, -2340.105957
-80.311333, -2340.495850
-69.653122, -2340.876465
-59.020580, -2341.197510
-48.452950, -2341.321777
-37.307671, -2341.066406
-26.494392, -2340.341064
-15.576328, -2339.090576
-4.695686, -2337.276367
5.712768, -2334.919678
16.434959, -2331.743652
26.575644, -2327.920166
35.998779, -2323.464600
45.804836, -2317.643555
54.765202, -2310.976074
62.837608, -2303.488770
70.041496, -2295.153320
76.093933, -2286.346924
81.021523, -2277.138428
84.942871, -2267.302246
87.747040, -2257.033936
89.331894, -2246.850586
89.700035, -2235.183594
88.675301, -2224.886963
86.180183, -2214.177490
82.447578, -2204.452637
77.128639, -2194.962646
70.694450, -2186.683350
62.723713, -2179.148193
54.224590, -2173.282471
44.842358, -2168.773193
34.785679, -2165.805176
23.796961, -2164.447510
13.238208, -2164.897949
2.371554, -2167.195068
-7.478531, -2171.024658
-16.763988, -2176.478271
-25.734833, -2183.794922
-33.782650, -2192.364014
-40.263401, -2200.886230
-45.808086, -2209.343506
-51.553730, -2219.081787
-56.480774, -2228.633789
-60.556610, -2238.549072
-63.713009, -2248.902344
-66.105453, -2258.649902
-69.107590, -2268.984375
-73.095215, -2279.498535
-77.079277, -2289.599609
-80.577301, -2299.638184
-83.473351, -2309.600830
-85.956688, -2319.674316
-88.381950, -2331.064209
-90.269081, -2341.224121
-92.220558, -2352.977539
-93.803604, -2362.986572
-95.447983, -2373.139648
-97.254837, -2383.692383
-99.194504, -2394.172607
-101.319145, -2404.525146
-103.797035, -2415.217529
-106.552368, -2425.634766
-109.661377, -2435.829346
-113.329056, -2446.196045
-117.513290, -2456.357666
-122.054497, -2465.801025
-127.539375, -2475.593750
-134.154434, -2485.528076
-140.511017, -2493.526123
-147.665512, -2501.172607
-156.632095, -2509.081055
-164.811737, -2514.921387
-174.879700, -2520.578857
-185.710083, -2525.042725
-196.870926, -2528.089600
-207.958069, -2529.650879
-219.215729, -2529.800537
-230.115799, -2528.575195
-241.047775, -2525.941162
-251.261292, -2522.075928
-261.582123, -2516.462158
-269.887695, -2510.360352
-277.506012, -2503.236328
-284.257233, -2495.440186
-290.517151, -2486.746094
-296.093109, -2477.638672
-301.131958, -2468.145264
-305.792236, -2458.238770
-310.156006, -2447.972656
-313.899933, -2438.126709
-316.961060, -2427.687256
-318.925842, -2417.373291
-320.389557, -2407.171631
-322.145538, -2395.980957
-324.147888, -2385.730469
-326.272217, -2375.906982
-328.447540, -2365.381592
-330.268127, -2355.398926
-331.895050, -2345.089355
-333.452972, -2333.938965
-334.897827, -2322.613281
-336.275482, -2310.931641
-337.530548, -2299.194580
-338.494720, -2289.086182
-339.355560, -2278.996338
-340.129913, -2268.760986
-340.805054, -2258.608398
-341.388885, -2248.547119
-341.899323, -2238.371094
-342.406219, -2226.432861
-342.771606, -2216.305908
-343.086700, -2206.177246
-343.356842, -2196.171631
-343.600647, -2186.020264
-343.862335, -2174.191650
-344.133240, -2162.342529
-344.466705, -2150.515625
-344.925018, -2138.983154
-345.604645, -2127.585938
-346.646637, -2115.966553
-348.126617, -2104.290527
-350.036896, -2092.810059
-352.408264, -2081.500488
-355.289703, -2070.331299
-358.700165, -2059.326660
-362.648102, -2048.437256
-367.048431, -2037.849487
-371.801575, -2027.772949
-377.024780, -2017.970947
-382.619904, -2008.689331
-389.076080, -1999.247437
-395.997009, -1990.323486
-403.338470, -1981.943115
-411.156342, -1974.024658
-419.492889, -1966.550415
-427.936737, -1959.867432
-437.087860, -1953.524536
-446.617004, -1947.818726
-456.298920, -1942.872681
-466.906219, -1938.323486
-476.976562, -1934.812012
-487.550720, -1931.975342
-498.464203, -1929.912231
-508.809540, -1928.757446
-519.846680, -1928.349854
-530.525940, -1928.720459
-540.813782, -1929.763184
-551.017517, -1931.439941
-561.237854, -1933.752197
-571.197815, -1936.607910
-581.131470, -1940.071045
-590.897217, -1944.129028
-600.488464, -1948.824219
-609.866455, -1954.200806
-618.806458, -1960.191528
-627.346558, -1966.875000
-635.451904, -1974.296021
-643.030762, -1982.358521
-650.056274, -1990.978882
-656.479187, -2000.099365
-662.221558, -2009.574219
-667.347046, -2019.412109
-671.962158, -2029.711670
-676.076843, -2040.198853
-679.760681, -2050.501221
-683.214233, -2060.839355
-686.395630, -2071.033203
-689.391663, -2081.311768
-692.305481, -2091.993652
-694.957153, -2102.359375
-697.506287, -2113.006592
-699.880798, -2123.715332
-702.076965, -2134.384521
-704.102295, -2144.897705
-705.993713, -2155.562012
-707.736816, -2166.524170
-709.248901, -2177.213867
-710.618286, -2188.347168
-711.661865, -2199.501953
-712.302734, -2210.189209
-712.917786, -2221.500244
-713.844543, -2232.318848
-715.146606, -2243.501953
-716.463867, -2254.676270
-717.544922, -2265.529053
-718.416138, -2276.282959
-719.133179, -2287.069092
-719.710693, -2298.105469
-720.153809, -2309.244873
-720.500061, -2320.539551
-720.810608, -2332.070068
-721.203125, -2343.646484
-721.821899, -2355.178467
-722.755432, -2366.613037
-724.089233, -2378.244141
-725.827026, -2389.514648
-728.109314, -2400.835449
-730.944092, -2411.795654
-734.469543, -2422.618896
-738.608276, -2432.918213
-743.494080, -2442.961670
-748.715393, -2451.959229
-755.018066, -2461.037354
-761.600708, -2468.895264
-769.207886, -2476.458496
-777.229126, -2483.147217
-785.883240, -2489.249268
-794.781250, -2494.638184
-804.114502, -2499.566650
-813.800842, -2504.094971
-823.669189, -2508.247559
-833.829651, -2512.154785
-844.170532, -2515.833252
-854.853394, -2519.343750
-865.476440, -2522.514160
-876.107605, -2525.351562
-887.003784, -2527.957520
-897.825928, -2530.297607
-908.656860, -2532.424316
-919.576965, -2534.375000
-930.589722, -2536.151123
-941.590149, -2537.733643
-952.443909, -2539.113281
-963.508606, -2540.357178
-974.443298, -2541.452637
-985.492188, -2542.440430
-996.834778, -2543.311279
-1008.151489, -2543.947266
-1019.420349, -2544.231201
-1030.608765, -2544.066406
-1041.749268, -2543.374268
-1052.398438, -2542.141602
-1063.185303, -2540.270020
-1073.820068, -2537.758545
-1084.241821, -2534.566406
-1094.883911, -2530.468994
-1104.564331, -2525.847168
-1113.777466, -2520.434082
-1122.153564, -2514.429443
-1129.789551, -2507.841309
-1137.221680, -2500.269531
-1143.855835, -2492.355713
-1149.825562, -2484.056641
-1155.415039, -2475.128174
-1160.495483, -2465.908447
-1165.090698, -2456.460449
-1169.345093, -2446.590576
-1173.139526, -2436.734375
-1176.833130, -2425.930908
-1179.684814, -2415.661377
-1181.590820, -2404.775391
-1182.500366, -2394.703613
-1183.474365, -2383.715820
-1184.827881, -2373.756836
-1186.777710, -2362.850586
-1188.959717, -2352.157471
-1191.136597, -2340.921387
-1192.990845, -2329.459717
-1194.499634, -2318.630127
-1195.874878, -2307.775879
-1197.233887, -2296.300537
-1198.537476, -2284.756348
-1199.796021, -2273.200195
-1201.059814, -2261.359863
-1202.134155, -2251.269531
-1203.230835, -2241.285889
-1204.402222, -2231.275879
-1205.916138, -2219.451172
-1207.344604, -2209.467773
-1208.954224, -2199.574951
-1211.200073, -2187.810791
-1213.408325, -2177.906738
-1215.879272, -2168.200195
-1218.707397, -2158.390381
-1222.375977, -2147.156494
-1225.810547, -2137.762207
-1230.265137, -2126.808594
-1235.181152, -2116.008789
-1240.437622, -2105.625244
-1246.184692, -2095.354248
-1252.255859, -2085.497803
-1258.706299, -2075.935303
-1265.475830, -2066.749756
-1272.564331, -2057.931641
-1280.079590, -2049.354736
-1287.912354, -2041.162109
-1295.961548, -2033.458862
-1304.531982, -2025.978271
-1313.263916, -2019.080811
-1322.442749, -2012.573120
-1331.989868, -2006.515015
-1341.664429, -2001.017334
-1351.480225, -1996.029907
-1361.562866, -1991.471191
-1371.780640, -1987.388428
-1382.130981, -1983.778442
-1392.726318, -1980.611450
-1403.375977, -1977.956299
-1414.134766, -1975.820801
-1425.008789, -1974.231934
-1435.814209, -1973.234009
-1446.905762, -1972.804077
-1458.018555, -1972.949585
-1468.987671, -1973.618286
-1479.533691, -1974.714600
-1490.310425, -1976.300781
-1500.916504, -1978.354492
-1511.507202, -1980.931396
-1521.939331, -1984.017456
-1532.323486, -1987.677124
-1542.254272, -1991.787476
-1552.147949, -1996.539429
-1561.625244, -2001.782104
-1570.892822, -2007.610474
-1579.921021, -2013.972534
-1588.510620, -2020.693604
-1596.610962, -2027.683960
-1604.485352, -2035.170288
-1611.867065, -2042.934570
-1618.957397, -2051.212891
-1625.578491, -2059.818848
-1631.797974, -2068.862305
-1637.427124, -2078.034424
-1642.627441, -2087.527100
-1647.411011, -2097.297852
-1651.835938, -2107.349609
-1655.880615, -2117.508301
-1659.615112, -2127.777588
-1662.963379, -2137.757812
-1666.129883, -2148.108154
-1669.033691, -2158.742920
-1671.513916, -2169.016113
-1673.557373, -2179.075195
-1675.202148, -2190.003662
-1676.262573, -2200.816895
-1677.276001, -2211.267090
-1678.715088, -2222.175781
-1680.185913, -2232.118164
-1681.774292, -2243.082764
-1683.175415, -2253.961670
-1684.403564, -2265.187744
-1685.434570, -2276.489258
-1686.315186, -2288.205078
-1687.034180, -2299.786621
-1687.656616, -2311.698486
-1688.172119, -2321.791260
-1688.812378, -2332.125732
-1689.639404, -2342.114502
-1690.986816, -2353.778809
-1692.780640, -2365.264160
-1695.111572, -2376.955322
-1697.970581, -2388.443359
-1701.472656, -2399.766357
-1705.599365, -2410.530273
-1710.512939, -2420.966064
-1716.347900, -2431.171387
-1722.815308, -2440.504883
-1730.070923, -2449.095703
-1737.887573, -2456.612549
-1746.393311, -2463.160156
-1755.432495, -2468.635986
-1765.083618, -2473.109131
-1775.478638, -2476.588379
-1785.805664, -2478.801025
-1796.343018, -2479.846680
-1807.310913, -2479.708984
-1818.118408, -2478.348145
-1828.329224, -2475.816406
-1838.085815, -2472.070557
-1848.000244, -2466.721191
-1856.104126, -2460.822998
-1863.985107, -2453.134521
-1871.202759, -2443.925537
-1876.796631, -2435.220459
-1881.865356, -2426.175781
-1886.671753, -2416.663086
-1891.222656, -2406.850098
-1895.253784, -2397.447754
-1898.710815, -2387.738770
-1901.010498, -2377.770508
-1902.655273, -2367.365967
-1904.565186, -2356.494629
-1906.949829, -2345.032715
-1909.336060, -2334.072266
-1911.628662, -2322.802734
-1913.489258, -2312.070068
-1915.061523, -2301.235596
-1916.339355, -2291.155273
-1917.679688, -2279.483154
-1918.931274, -2267.662354
-1919.963501, -2257.276367
-1920.909302, -2247.048584
-1921.772217, -2236.709473
-1922.548462, -2226.294189
-1923.238525, -2215.893555
-1923.848145, -2205.536377
-1924.392212, -2195.127197
-1924.877563, -2184.756592
-1925.320068, -2174.218262
-1925.702026, -2163.926270
-1926.031738, -2153.597900
-1926.301514, -2143.468018
-1926.534180, -2133.219727
-1926.731445, -2123.074463
-1926.889282, -2113.059570
-1927.037231, -2100.987305
-1927.151123, -2088.976807
-1927.233521, -2077.276611
-1927.284180, -2065.555664
-1927.312012, -2053.751709
-1927.321533, -2042.182373
-1927.307373, -2030.592407
-1927.266602, -2019.126709
-1927.208130, -2007.605835
-1927.145508, -1996.216187
-1927.081421, -1984.833496
-1927.008667, -1973.533691
-1926.919800, -1962.434204
-1926.809937, -1951.176147
-1926.686646, -1940.000977
-1926.559204, -1928.943237
-1926.425537, -1917.671631
-1926.294678, -1906.717529
-1926.155884, -1895.521851
-1926.003418, -1884.595581
-1925.832764, -1873.621216
-1925.653687, -1862.695312
-1925.467651, -1851.762695
-1925.279297, -1840.850830
-1925.093628, -1829.911255
-1924.918579, -1819.095825
-1924.747559, -1808.135376
-1924.573608, -1797.299194
-1924.386597, -1786.559937
-1924.191284, -1775.910522
-1924.033691, -1765.474487
-1924.023926, -1755.196045
-1924.328613, -1744.466309
-1925.098389, -1733.559204
-1926.400513, -1722.737549
-1928.242676, -1712.183838
-1930.742920, -1701.461304
-1933.780884, -1691.238159
-1937.429199, -1681.341553
-1941.875732, -1671.488403
-1946.931763, -1662.294434
-1953.045654, -1653.162720
-1959.647095, -1645.069458
-1967.389038, -1637.318726
-1975.702026, -1630.604736
-1984.832275, -1624.765991
-1994.544312, -1619.972168
-2004.373779, -1616.401489
-2014.514893, -1613.962402
-2024.906738, -1612.728516
-2035.571655, -1612.781128
-2045.888306, -1614.116577
-2056.006104, -1616.734375
-2065.478516, -1620.524658
-2074.662354, -1625.684082
-2083.804199, -1632.523926
-2091.381104, -1639.812134
-2098.480469, -1648.389771
-2104.310547, -1657.030151
-2109.978271, -1666.909668
-2115.166992, -1677.017944
-2120.100586, -1687.497803
-2124.204102, -1696.921509
-2128.028320, -1706.328003
-2131.868652, -1716.440186
-2135.501221, -1726.738647
-2138.871826, -1737.096802
-2142.023682, -1747.667847
-2144.979492, -1758.574463
-2147.666016, -1769.536255
-2150.097168, -1780.578735
-2152.320068, -1791.904297
-2154.298340, -1803.135010
-2156.113525, -1814.428223
-2157.773193, -1825.570801
-2159.350342, -1836.913574
-2160.820557, -1848.173340
-2162.173340, -1859.141846
-2163.478760, -1870.421875
-2164.695801, -1881.649292
-2165.842529, -1892.821655
-2166.934326, -1903.860718
-2167.975586, -1914.897827
-2168.955811, -1926.086060
-2169.833496, -1936.908813
-2170.672119, -1948.108521
-2171.424561, -1959.099854
-2172.104004, -1970.047485
-2172.723389, -1981.157715
-2173.288330, -1992.284668
-2173.810791, -2003.399902
-2174.288330, -2014.309814
-2174.745605, -2025.296631
-2175.182861, -2036.152954
-2175.606201, -2047.134277
-2176.007568, -2057.978271
-2176.393555, -2068.898682
-2176.746338, -2079.765137
-2177.066650, -2090.708496
-2177.356934, -2101.535156
-2177.629395, -2112.376221
-2177.885986, -2123.203857
-2178.137695, -2134.162842
-2178.385498, -2144.976807
-2178.635254, -2155.763184
-2178.886963, -2166.756592
-2179.109131, -2177.488281
-2179.279297, -2187.958496
-2179.422607, -2199.264648
-2179.581299, -2210.798340
-2179.772949, -2221.351074
-2180.016357, -2231.612793
-2180.290771, -2241.949707
-2180.550781, -2252.701416
-2180.767578, -2263.405518
-2180.945068, -2274.062256
-2181.072510, -2285.057861
-2181.126709, -2295.943604
-2181.114014, -2307.588867
-2181.076416, -2318.764648
-2181.093018, -2330.154541
-2181.265381, -2341.681152
-2181.700684, -2352.896729
-2182.489990, -2363.871582
-2183.752686, -2375.121826
-2185.492432, -2385.993652
-2187.827148, -2396.866455
-2190.719482, -2407.354004
-2194.251953, -2417.636230
-2198.575684, -2427.956787
-2203.545898, -2437.773438
-2209.434326, -2447.434326
-2215.937256, -2456.293213
-2223.087891, -2464.326416
-2231.081787, -2471.654297
-2239.565430, -2477.886963
-2248.636475, -2483.091309
-2258.281250, -2487.257568
-2268.271729, -2490.302246
-2278.811035, -2492.263184
-2289.470459, -2493.011963
-2300.261475, -2492.501709
-2310.806396, -2490.688965
-2320.833496, -2487.575928
-2330.250488, -2483.155762
-2339.641602, -2476.845947
-2348.065674, -2469.037354
-2355.368652, -2460.180420
-2361.159180, -2451.488525
-2366.301758, -2442.445801
-2371.079346, -2432.980225
-2375.313965, -2423.736084
-2379.357178, -2414.166260
-2383.097656, -2404.348389
-2385.966064, -2394.147949
-2387.785889, -2384.066895
-2389.623779, -2373.099121
-2392.021729, -2361.499023
-2394.501465, -2351.062500
-2397.103027, -2339.924072
-2399.165283, -2329.812256
-2400.920166, -2319.600586
-2402.549316, -2308.600098
-2404.072510, -2297.117676
-2405.523926, -2285.284912
-2406.736816, -2274.953125
-2407.875488, -2264.779541
-2408.923584, -2254.589355
-2409.846680, -2244.442627
-2410.651611, -2234.216553
-2411.366943, -2223.810791
-2412.000977, -2213.365234
-2412.552490, -2203.032471
-2413.043701, -2192.668945
-2413.487549, -2182.241211
-2413.880127, -2171.963379
-2414.230469, -2161.635742
-2414.530029, -2151.368652
-2414.785156, -2141.072754
-2414.999756, -2130.769043
-2415.173828, -2120.554199
-2415.331055, -2108.661621
-2415.432861, -2098.563232
-2415.513916, -2088.540527
-2415.583496, -2076.812744
-2415.618652, -2064.863770
-2415.620850, -2053.190918
-2415.604492, -2041.276489
-2415.574463, -2029.824585
-2415.530518, -2018.193237
-2415.473633, -2006.672363
-2415.403076, -1995.296631
-2415.320801, -1983.886353
-2415.225830, -1972.614258
-2415.119629, -1961.238770
-2415.006836, -1949.994507
-2414.881348, -1938.888428
-2414.739014, -1927.713501
-2414.584473, -1916.635376
-2414.416016, -1905.626465
-2414.236572, -1894.590210
-2414.054199, -1883.553955
-2413.873535, -1872.455566
-2413.695312, -1861.591797
-2413.513428, -1850.659058
-2413.330322, -1839.629761
-2413.136230, -1828.759399
-2412.917725, -1817.848022
-2412.678467, -1807.109741
-2412.417480, -1796.157959
-2412.168701, -1785.564941
-2411.976074, -1775.101929
-2411.944336, -1764.492188
-2412.228516, -1753.561646
-2412.944336, -1742.637085
-2414.124268, -1731.877808
-2415.778076, -1721.334839
-2417.989502, -1710.809937
-2420.767578, -1700.606079
-2424.301270, -1690.375366
-2428.598389, -1680.365967
-2433.578613, -1670.896118
-2439.528809, -1661.599487
-2446.145996, -1653.086426
-2453.539795, -1645.276367
-2461.681396, -1638.270508
-2470.277344, -1632.314331
-2479.535645, -1627.232300
-2488.950195, -1623.264893
-2498.686523, -1620.310181
-2508.958984, -1618.349854
-2519.342285, -1617.518311
-2529.753662, -1617.844727
-2539.826660, -1619.328979
-2549.998779, -1622.118652
-2560.222412, -1626.369873
-2569.324707, -1631.630493
-2578.154541, -1638.379517
-2585.889648, -1645.970337
-2593.213135, -1655.033325
-2599.602783, -1664.760742
-2604.532715, -1673.519287
-2609.292725, -1682.931763
-2613.933350, -1693.121216
-2618.325195, -1703.854370
-2621.891357, -1713.413330
-2625.272461, -1723.200073
-2628.547363, -1733.400635
-2631.633789, -1743.760620
-2634.525146, -1754.234009
-2637.253906, -1764.921997
-2639.790039, -1775.735352
-2642.096924, -1786.543457
-2644.230957, -1797.633179
-2646.158936, -1808.732544
-2647.914551, -1819.783569
-2649.527344, -1830.786621
-2651.037354, -1841.894775
-2652.435791, -1853.003662
-2653.724121, -1864.146606
-2654.902588, -1875.308716
-2655.975586, -1886.432861
-2656.949707, -1897.358276
-2657.866211, -1908.385620
-2658.710938, -1919.335571
-2659.497314, -1930.331421
-2660.230957, -1941.393188
-2660.892090, -1952.307373
-2661.503418, -1963.424927
-2662.053955, -1974.338379
-2662.572754, -1985.329346
-2663.064941, -1996.086670
-2663.545410, -2006.892822
-2664.002197, -2017.810547
-2664.427246, -2028.826294
-2664.820068, -2039.746582
-2665.184570, -2050.557373
-2665.530029, -2061.520752
-2665.854492, -2072.374268
-2666.162598, -2083.076172
-2666.460449, -2094.054688
-2666.734863, -2104.840332
-2666.999023, -2115.888672
-2667.255127, -2126.750732
-2667.514893, -2137.633545
-2667.770752, -2148.523438
-2668.020020, -2159.316650
-2668.247314, -2170.055176
-2668.441650, -2180.884033
-2668.586670, -2191.665527
-2668.671143, -2202.578613
-2668.742920, -2212.849854
-2668.911865, -2224.127930
-2669.197510, -2234.899658
-2669.555420, -2244.916260
-2669.957764, -2255.725586
-2670.302246, -2266.613037
-2670.584961, -2277.267334
-2670.825684, -2287.957275
-2671.008057, -2299.166016
-2671.112549, -2310.355225
-2671.181396, -2321.399658
-2671.246094, -2332.230225
-2671.343018, -2343.819824
-2671.572998, -2355.331543
-2672.047363, -2366.324463
-2672.757568, -2376.322266
-2673.877441, -2386.900635
-2675.461426, -2397.398438
-2677.580811, -2408.111084
-2680.220947, -2418.835449
-2683.468262, -2429.507568
-2687.144043, -2439.312988
-2691.538818, -2449.022949
-2696.764160, -2458.714111
-2702.920898, -2468.288330
-2709.604736, -2476.906738
-2716.772949, -2484.474121
-2724.568115, -2491.162842
-2733.092285, -2497.077148
-2742.206299, -2502.135010
-2752.046387, -2506.388916
-2762.253906, -2509.619141
-2772.257812, -2511.622070
-2782.754395, -2512.506836
-2792.896973, -2512.198975
-2803.169678, -2510.696777
-2813.198242, -2508.037842
-2822.902344, -2504.232910
-2832.418701, -2499.148926
-2840.991455, -2493.147217
-2849.496094, -2485.344727
-2856.059082, -2477.659912
-2862.036865, -2469.171631
-2867.403320, -2460.179443
-2872.272461, -2450.784180
-2876.713135, -2441.102783
-2880.871094, -2431.064697
-2884.513672, -2421.364746
-2887.348633, -2411.197998
-2889.363281, -2399.826416
-2891.209473, -2387.790527
-2892.970703, -2377.601074
-2894.983154, -2367.430176
-2897.341797, -2356.188477
-2899.450439, -2345.684814
-2901.297363, -2335.075928
-2902.888428, -2324.300049
-2904.349121, -2312.906982
-2905.711426, -2301.056885
-2906.960938, -2289.354004
-2907.980713, -2279.369141
-2909.129639, -2267.433838
-2910.018555, -2257.291016
-2910.814941, -2247.202637
-2911.526123, -2237.052734
-2912.141846, -2226.993408
-2912.690674, -2216.805664
-2913.174072, -2206.704346
-2913.611572, -2196.573486
-2914.010498, -2186.385742
-2914.357910, -2176.375732
-2914.714111, -2164.438965
-2914.973877, -2154.370850
-2915.243408, -2142.438721
-2915.468994, -2130.650635
-2915.663818, -2118.827637
-2915.833496, -2106.976562
-2915.969727, -2095.435791
-2916.082031, -2083.860107
-2916.176270, -2072.104736
-2916.250732, -2060.804932
-2916.310059, -2049.249512
-2916.344238, -2037.970215
-2916.359375, -2026.552856
-2916.358643, -2015.252808
-2916.340088, -2004.139160
-2916.307861, -1993.011719
-2916.266113, -1981.856689
-2916.216797, -1970.598145
-2916.153076, -1959.567505
-2916.063477, -1948.523193
-2915.955566, -1937.458374
-2915.832520, -1926.386841
-2915.688721, -1915.474243
-2915.524902, -1904.458374
-2915.349365, -1893.484131
-2915.163086, -1882.503174
-2914.970459, -1871.556885
-2914.776611, -1860.617432
-2914.582031, -1849.581421
-2914.378906, -1838.752686
-2914.158447, -1827.924316
-2913.926758, -1816.978760
-2913.690430, -1806.192139
-2913.447510, -1795.419434
-2913.220459, -1784.791382
-2913.076660, -1774.431152
-2913.143311, -1763.669678
-2913.580566, -1752.861694
-2914.495850, -1741.910400
-2915.908447, -1731.151367
-2917.854736, -1720.602295
-2920.378906, -1710.304199
-2923.652832, -1699.900513
-2927.561768, -1690.007324
-2932.338867, -1680.294800
-2938.105469, -1670.834595
-2944.567383, -1662.220337
-2951.851074, -1654.298218
-2959.770996, -1647.279785
-2968.417236, -1641.118774
-2977.743164, -1635.902466
-2987.150635, -1631.901001
-2996.975342, -1628.904053
-3006.839844, -1627.014404
-3017.189697, -1626.197632
-3027.868896, -1626.571289
-3037.998779, -1628.095703
-3047.954102, -1630.788330
-3057.401611, -1634.584961
-3066.588867, -1639.652954
-3075.639893, -1646.197021
-3083.332520, -1653.271362
-3090.648193, -1661.665161
-3097.190430, -1670.904175
-3102.368408, -1679.751099
-3107.525146, -1689.875732
-3111.763184, -1698.951050
-3115.827148, -1708.384399
-3119.619873, -1717.907837
-3123.319824, -1727.873657
-3126.881104, -1738.153320
-3130.235352, -1748.582153
-3133.444580, -1759.416870
-3136.382324, -1770.256836
-3139.115479, -1781.313843
-3141.572998, -1792.258545
-3143.831543, -1803.457397
-3145.857422, -1814.749756
-3147.649658, -1825.913818
-3149.302490, -1837.329590
-3150.799805, -1848.724976
-3152.168945, -1860.025269
-3153.443115, -1871.218506
-3154.656250, -1882.522705
-3155.765625, -1893.560059
-3156.812744, -1904.707520
-3157.799805, -1915.929810
-3158.716553, -1927.095703
-3159.559326, -1938.184326
-3160.317627, -1949.092163
-3161.005615, -1960.212158
-3161.603027, -1971.399658
-3162.100342, -1982.412354
-3162.535645, -1993.503662
-3162.945068, -2004.623657
-3163.337646, -2015.661377
-3163.704590, -2026.568726
-3164.044434, -2037.539062
-3164.355713, -2048.579346
-3164.639893, -2059.427002
-3164.904541, -2070.295898
-3165.156006, -2081.303223
-3165.392090, -2092.290039
-3165.617432, -2103.097656
-3165.840088, -2113.995117
-3166.052246, -2124.837402
-3166.264160, -2135.776367
-3166.465820, -2146.542969
-3166.658691, -2157.440918
-3166.839844, -2168.145752
-3167.010498, -2179.154541
-3167.161865, -2189.839111
-3167.295898, -2200.613770
-3167.391602, -2211.340576
-3167.518066, -2222.467285
-3167.725586, -2232.791992
-3168.126953, -2244.036621
-3168.647217, -2254.771973
-3169.093018, -2265.925049
-3169.358154, -2277.339355
-3169.491943, -2288.217529
-3169.552734, -2299.172363
-3169.570557, -2310.272217
-3169.579346, -2321.247803
-3169.603027, -2332.278564
-3169.666748, -2343.240234
-3169.836670, -2354.580566
-3170.226807, -2366.136475
-3170.909912, -2377.118408
-3171.988037, -2388.228271
-3173.461182, -2398.853760
-3175.423096, -2409.435059
-3177.927490, -2420.029053
-3181.089355, -2430.755371
-3184.802002, -2440.959229
-3189.411865, -2451.321533
-3194.753418, -2461.153809
-3200.670654, -2470.018311
-3207.202881, -2477.980957
-3214.613281, -2485.379883
-3222.594482, -2491.943604
-3230.978516, -2497.659668
-3239.943359, -2502.785400
-3249.050537, -2507.213623
-3258.573975, -2511.224854
-3268.681152, -2515.019775
-3278.566650, -2518.432129
-3288.764648, -2521.737061
-3299.159668, -2524.945801
-3310.190430, -2528.197998
-3321.092285, -2531.197754
-3331.558350, -2533.789795
-3342.151611, -2536.110352
-3352.881592, -2538.214111
-3363.672363, -2540.142822
-3374.462402, -2541.912598
-3385.372314, -2543.542236
-3396.372559, -2545.025635
-3407.343262, -2546.360596
-3418.356689, -2547.566895
-3429.203125, -2548.643799
-3440.230225, -2549.643066
-3451.140869, -2550.547119
-3462.030273, -2551.370117
-3473.083496, -2552.127930
-3483.969238, -2552.802734
-3495.031494, -2553.416504
-3505.800781, -2553.946777
-3516.668945, -2554.431396
-3527.607910, -2554.878174
-3538.458984, -2555.275635
-3549.297852, -2555.627197
-3560.310547, -2555.933594
-3571.608398, -2556.162354
-3583.094727, -2556.214355
-3594.233398, -2555.969971
-3605.190918, -2555.341309
-3616.168213, -2554.255371
-3627.292969, -2552.615967
-3637.927979, -2550.425049
-3648.290527, -2547.598877
-3658.319336, -2544.135986
-3668.255859, -2539.914062
-3677.693115, -2535.050537
-3686.197266, -2529.732666
-3694.811523, -2523.213379
-3703.396484, -2515.293945
-3710.220703, -2507.700439
-3716.562988, -2499.446045
-3722.216553, -2490.920166
-3727.409424, -2481.906250
-3732.098633, -2472.612549
-3736.399902, -2462.921387
-3740.267090, -2453.063721
-3743.794434, -2442.955078
-3746.761963, -2433.179199
-3748.785156, -2423.242676
-3749.849365, -2412.554688
-3750.464355, -2402.391602
-3751.144775, -2391.540771
-3752.228516, -2379.932129
-3753.630371, -2369.255127
-3755.333984, -2358.314697
-3756.954346, -2347.822510
-3758.318359, -2337.398193
-3759.436035, -2326.729492
-3760.417725, -2315.527588
-3761.287598, -2304.274902
-3762.073242, -2293.105957
-3762.840332, -2281.555176
-3763.471436, -2271.538086
-3764.124512, -2260.035645
-3764.708740, -2248.183838
-3765.206299, -2236.376465
-3765.614014, -2224.759033
-3765.957031, -2213.125732
-3766.252686, -2201.442871
-3766.464111, -2190.780029
-3766.555176, -2180.508789
-3766.438477, -2169.754639
-3766.195801, -2159.527344
-3765.960449, -2148.063965
-3765.821777, -2136.785400
-3765.784424, -2125.381836
-3765.833252, -2113.819580
-3765.929688, -2102.243896
-3766.031738, -2090.813232
-3766.112305, -2079.223633
-3766.151367, -2067.737305
-3766.158203, -2056.368164
-3766.149658, -2045.116455
-3766.129150, -2033.768066
-3766.099365, -2022.371338
-3766.065918, -2010.947021
-3766.022705, -1999.377808
-3765.964355, -1988.229736
-3765.892334, -1976.998901
-3765.818359, -1965.685303
-3765.747803, -1954.578735
-3765.667725, -1943.327271
-3765.574707, -1932.269165
-3765.475098, -1921.079956
-3765.375000, -1909.807983
-3765.272217, -1898.667114
-3765.169922, -1887.533203
-3765.070557, -1876.433716
-3764.964844, -1865.361938
-3764.851318, -1854.393799
-3764.735107, -1843.377319
-3764.617920, -1832.284912
-3764.501465, -1821.316772
-3764.385254, -1810.238159
-3764.268555, -1799.242432
-3764.148193, -1788.419312
-3764.017090, -1777.637817
-3763.874756, -1766.683838
-3763.739990, -1755.881592
-3763.617676, -1744.968750
-3763.522217, -1734.034912
-3763.455566, -1722.866211
-3763.397705, -1711.952881
-3763.322998, -1701.108643
-3763.215820, -1690.347534
-3763.078857, -1679.552246
-3762.928955, -1668.812378
-3762.781250, -1657.906738
-3762.647705, -1647.035522
-3762.526855, -1636.219360
-3762.415527, -1625.340942
-3762.310547, -1614.738647
-3762.202393, -1604.018921
-3762.090576, -1593.202637
-3761.972656, -1582.303589
-3761.852051, -1571.549561
-3761.731445, -1560.698853
-3761.620605, -1549.958496
-3761.523438, -1539.148926
-3761.445068, -1528.408325
-3761.367188, -1517.377686
-3761.268311, -1506.657959
-3761.132812, -1495.855713
-3760.965820, -1484.964233
-3760.791504, -1474.245483
-3760.612549, -1463.519897
-3760.431641, -1452.656250
-3760.266846, -1441.930420
-3760.118896, -1430.955811
-3759.993164, -1419.994751
-3759.881836, -1409.033447
-3759.766846, -1398.120605
-3759.636475, -1386.924805
-3759.504395, -1376.067383
-3759.365234, -1365.058105
-3759.224854, -1354.097168
-3759.082031, -1343.094849
-3758.934814, -1332.251343
-3758.786865, -1321.283569
-3758.641846, -1310.391724
-3758.501709, -1299.499878
-3758.362061, -1288.601074
-3758.215820, -1277.937134
-3758.057373, -1267.218140
-3757.887207, -1256.395752
-3757.705811, -1245.635620
-3757.513672, -1234.917114
-3757.313721, -1224.226318
-3757.107178, -1213.418335
-3756.895508, -1202.320435
-3756.641602, -1191.195801
-3756.253662, -1180.068115
-3755.606689, -1168.675903
-3754.619141, -1157.606201
-3753.226074, -1146.955933
-3751.378174, -1136.508301
-3749.010254, -1126.031616
-3745.970947, -1115.190918
-3742.521240, -1105.128418
-3738.438721, -1095.193604
-3733.971680, -1085.997925
-3728.141113, -1075.790039
-3722.574219, -1067.215454
-3716.569092, -1058.780273
-3710.248535, -1050.544067
-3703.504883, -1042.281860
-3696.696533, -1034.343628
-3689.569092, -1026.345215
-3682.052246, -1018.177917
-3674.452637, -1010.220825
-3666.725586, -1002.494385
-3658.950195, -995.084167
-3650.812256, -987.657837
-3642.739258, -980.573059
-3634.515381, -973.621094
-3626.090332, -966.738586
-3617.507324, -959.953369
-3608.778564, -953.265503
-3599.961426, -946.706055
-3591.112305, -940.306885
-3582.202148, -934.028992
-3573.160645, -927.819153
-3564.092529, -921.746643
-3554.891602, -915.750000
-3545.548096, -909.834778
-3536.349365, -904.169861
-3526.899902, -898.492432
-3517.548828, -893.000549
-3508.153076, -887.599243
-3498.678223, -882.253418
-3489.254395, -877.028503
-3479.761475, -871.857300
-3470.153564, -866.710205
-3460.553467, -861.636536
-3450.792969, -856.526855
-3441.229980, -851.561218
-3431.651367, -846.625366
-3421.888916, -841.639832
-3412.258057, -836.776001
-3402.528564, -831.908997
-3392.954590, -827.163269
-3383.118652, -822.324463
-3373.359375, -817.548767
-3363.617920, -812.815125
-3353.890625, -808.115540
-3344.078857, -803.400513
-3334.322510, -798.745667
-3324.585205, -794.130737
-3314.711914, -789.480530
-3304.834717, -784.855225
-3294.985107, -780.268372
-3285.134766, -775.699707
-3275.316406, -771.160278
-3265.477539, -766.632568
-3255.712158, -762.159973
-3245.842041, -757.650635
-3235.997803, -753.167908
-3226.037109, -748.657959
-3216.135986, -744.200562
-3206.157715, -739.729492
-3196.244141, -735.316895
-3186.333496, -730.948364
-3176.510010, -726.656250
-3166.701660, -722.398376
-3156.687256, -718.077759
-3146.797363, -713.834595
-3136.881836, -709.599060
-3126.972900, -705.383240
-3117.117676, -701.199768
-3107.038086, -696.926331
-3097.135986, -692.747375
-3087.240234, -688.606812
-3077.100342, -684.405823
-3067.173340, -680.340454
-3057.008789, -676.217773
-3046.943604, -672.162781
-3036.916260, -668.161804
-3026.744873, -664.149597
-3016.766602, -660.249451
-3006.701172, -656.345093
-2996.400879, -652.378052
-2986.296875, -648.516052
-2976.109863, -644.658813
-2966.012939, -640.875671
-2955.980225, -637.157288
-2945.728760, -633.393677
-2935.687012, -629.740540
-2925.485352, -626.062256
-2915.376709, -622.452148
-2905.105713, -618.824768
-2894.822021, -615.233215
-2884.659668, -611.734131
-2874.397705, -608.249084
-2864.201416, -604.828857
-2854.016846, -601.460510
-2843.720947, -598.099243
-2833.490234, -594.805908
-2823.211914, -591.548035
-2812.793213, -588.299438
-2802.436035, -585.131714
-2792.198975, -582.067505
-2781.732666, -578.999817
-2771.616211, -576.088623
-2760.928955, -573.064758
-2750.556885, -570.195557
-2740.316162, -567.421265
-2729.928955, -564.633423
-2719.505127, -561.849121
-2709.102539, -559.092163
-2698.592529, -556.336731
-2688.202881, -553.639832
-2677.793945, -550.962158
-2667.206787, -548.257263
-2656.831055, -545.617004
-2646.173340, -542.908875
-2635.641113, -540.239258
-2625.352539, -537.648804
-2614.656982, -534.977783
-2604.119629, -532.356995
-2593.613770, -529.753235
-2583.016846, -527.143494
-2572.463867, -524.557922
-2561.821045, -521.961304
-2551.328857, -519.417603
-2540.651611, -516.845825
-2529.982666, -514.298950
-2519.448730, -511.810455
-2508.998291, -509.359253
-2498.418701, -506.884583
-2487.921143, -504.422974
-2477.304688, -501.923676
-2466.826416, -499.440491
-2456.159424, -496.885834
-2445.582520, -494.339752
-2435.118164, -491.827423
-2424.544189, -489.298676
-2413.771973, -486.738434
-2403.232910, -484.272247
-2392.709961, -481.858368
-2382.252441, -479.499512
-2371.633545, -477.135071
-2361.084473, -474.806580
-2350.597412, -472.517426
-2339.935791, -470.219177
-2329.517578, -468.003021
-2318.902588, -465.783844
-2308.380615, -463.626465
-2297.749756, -461.484497
-2287.207275, -459.393738
-2276.543213, -457.313263
-2266.143555, -455.318970
-2255.385498, -453.288513
-2244.616943, -451.276184
-2234.033936, -449.323730
-2223.443604, -447.411255
-2213.009766, -445.565277
-2202.205322, -443.674469
-2191.650635, -441.837250
-2181.033203, -439.998688
-2170.352051, -438.163635
-2159.646973, -436.345367
-2148.836914, -434.527832
-2138.186279, -432.761688
-2127.552246, -431.022156
-2116.751953, -429.272003
-2106.132812, -427.569611
-2095.395264, -425.863922
-2084.674561, -424.184723
-2073.947998, -422.543030
-2063.132568, -420.935638
-2052.548340, -419.417694
-2041.765137, -417.926056
-2030.810913, -416.462433
-2020.227051, -415.094391
-2009.618286, -413.758270
-1998.697632, -412.412659
-1987.930298, -411.121307
-1977.144287, -409.870636
-1966.422119, -408.669403
-1955.730713, -407.503448
-1944.892700, -406.345276
-1934.114136, -405.215729
-1923.333008, -404.111389
-1912.507446, -403.034210
-1901.857422, -402.006836
-1890.888916, -400.973419
-1880.131592, -399.980713
-1869.399902, -399.010681
-1858.625488, -398.053833
-1847.925903, -397.111633
-1837.232300, -396.180481
-1826.392334, -395.259155
-1815.612915, -394.359619
-1804.736694, -393.458527
-1793.990112, -392.581482
-1783.173340, -391.716248
-1772.369385, -390.863647
-1761.743530, -390.035553
-1750.938110, -389.201294
-1740.159546, -388.377747
-1729.373779, -387.557739
-1718.388794, -386.718018
-1707.650757, -385.907196
-1696.787598, -385.104462
-1686.013184, -384.318909
-1675.217163, -383.544128
-1664.509521, -382.791199
-1653.827148, -382.073181
-1643.052246, -381.395752
-1632.192139, -380.755280
-1621.585083, -380.163239
-1610.742554, -379.578003
-1599.940796, -379.006409
-1589.241577, -378.456879
-1578.451660, -377.922974
-1567.681274, -377.415497
-1556.785278, -376.935638
-1545.894531, -376.494171
-1535.029785, -376.095581
-1524.219116, -375.729034
-1513.318359, -375.370148
-1502.506836, -375.028809
-1491.791382, -374.707947
-1481.034424, -374.389771
-1469.953613, -374.049988
-1459.107300, -373.720154
-1448.253540, -373.404785
-1437.275513, -373.088928
-1426.490479, -372.785675
-1415.760132, -372.502991
-1405.008545, -372.242432
-1394.077271, -371.989990
-1383.208008, -371.741577
-1372.276489, -371.500671
-1361.544800, -371.278137
-1350.591919, -371.068970
-1339.783447, -370.891205
-1328.981323, -370.751251
-1318.309814, -370.657104
-1307.500000, -370.602386
-1296.627930, -370.579224
-1285.714478, -370.586670
-1275.021973, -370.628784
-1264.156982, -370.699402
-1253.423340, -370.791077
-1242.600220, -370.914032
-1231.922607, -371.070435
-1221.107300, -371.250671
-1210.223022, -371.436462
-1199.317993, -371.620636
-1188.606201, -371.800903
-1177.687378, -371.987427
-1166.982788, -372.188171
-1156.348022, -372.422546
-1145.341064, -372.688995
-1134.479248, -372.961212
-1123.528198, -373.252594
-1112.819214, -373.558197
-1102.055542, -373.881500
-1091.209351, -374.216583
-1080.480957, -374.563721
-1069.808960, -374.943848
-1058.986572, -375.367920
-1048.089600, -375.825836
-1037.145508, -376.312012
-1026.423218, -376.815094
-1015.564270, -377.349762
-1004.892822, -377.901215
-994.147156, -378.487335
-983.478943, -379.098206
-972.550415, -379.750885
-961.788635, -380.416992
-950.862732, -381.112946
-940.145447, -381.825348
-929.382629, -382.579895
-918.602173, -383.378052
-907.983276, -384.206726
-897.401245, -385.063629
-886.607544, -385.957703
-875.965210, -386.839508
-865.024536, -387.714539
-854.328430, -388.530090
-843.457581, -389.322906
-832.172607, -390.130981
-821.463257, -390.954071
-810.775818, -391.875763
-799.903687, -392.901581
-788.977173, -394.009674
-778.223389, -395.176422
-767.636353, -396.405365
-756.866516, -397.733093
-746.030334, -399.141418
-735.362122, -400.608063
-724.658325, -402.168091
-713.934509, -403.826965
-703.196899, -405.575134
-692.431152, -407.406586
-681.761963, -409.309631
-671.192078, -411.294891
-660.493286, -413.413666
-649.964233, -415.605316
-639.484314, -417.894867
-628.914001, -420.317810
-618.354370, -422.846954
-607.798584, -425.479095
-597.442749, -428.169098
-587.018921, -430.980042
-577.065796, -433.784027
-567.376221, -436.654694
-556.822449, -439.887299
-546.531433, -443.128143
-536.195557, -446.500366
-526.016541, -449.950531
-515.705078, -453.587921
-505.678925, -457.263947
-495.570343, -461.094299
-485.429291, -465.051819
-475.411011, -469.094086
-465.408752, -473.266357
-455.470978, -477.537842
-445.345032, -482.016754
-435.438629, -486.529633
-425.499817, -491.202545
-415.958252, -495.826324
-405.878418, -500.841736
-396.286835, -505.752106
-386.835236, -510.737244
-377.429962, -515.823792
-367.962006, -521.068970
-358.491394, -526.450500
-349.074310, -531.938843
-339.752991, -537.507996
-330.521637, -543.159180
-321.325470, -548.932617
-312.235687, -554.783325
-303.208038, -560.742004
-294.174164, -566.865234
-285.305206, -573.033508
-276.310303, -579.442566
-267.554169, -585.828735
-258.870453, -592.301514
-250.165436, -598.929565
-241.685394, -605.532959
-233.154358, -612.328186
-224.735413, -619.196472
-216.325546, -626.227539
-208.107620, -633.261047
-199.807861, -640.526978
-191.802536, -647.688171
-183.722610, -655.065369
-175.771133, -662.479980
-167.966003, -669.929016
-160.166382, -677.562561
-152.487595, -685.288452
-144.906647, -693.119995
-137.440552, -701.004150
-130.099289, -708.910706
-122.827026, -716.899475
-115.578781, -725.039917
-108.531967, -733.155212
-101.593292, -741.354126
-94.680038, -749.727234
-87.957405, -758.068787
-81.199013, -766.646606
-74.585228, -775.214661
-68.110565, -783.793396
-61.662647, -792.538513
-55.383389, -801.261292
-49.172764, -810.125916
-43.170658, -818.924927
-37.132187, -827.999084
-31.233986, -837.049927
-25.410435, -846.148987
-19.687483, -855.270874
-14.040902, -864.480774
-8.381678, -873.957336
-2.980817, -883.273560
2.271770, -892.610901
7.464898, -902.115356
12.553636, -911.691772
17.571709, -921.367615
22.463440, -931.030640
27.279325, -940.785645
31.990866, -950.583801
36.542011, -960.343323
41.006901, -970.226013
45.331676, -980.110535
49.576237, -990.157288
53.664894, -1000.179077
57.670486, -1010.338318
61.479019, -1020.329651
65.240395, -1030.493530
68.914001, -1040.704224
72.485367, -1050.965698
75.905785, -1061.176636
79.210449, -1071.432861
82.443169, -1081.834961
85.574814, -1092.318359
88.512825, -1102.628174
91.339828, -1113.026123
94.096779, -1123.607056
96.701019, -1134.055908
99.168198, -1144.467041
101.581749, -1155.209351
103.856171, -1165.897339
106.008034, -1176.610718
108.007553, -1187.206055
109.879082, -1197.803711
111.658134, -1208.557251
113.293892, -1219.193848
114.800850, -1229.870361
116.186554, -1240.584229
117.474731, -1251.518799
118.616386, -1262.302979
119.645752, -1273.174805
120.543304, -1283.822754
121.342453, -1294.630859
122.029945, -1305.494995
122.585464, -1316.228516
123.013268, -1327.078369
123.302055, -1337.753296
123.478264, -1348.561768
123.539711, -1360.165405
123.414673, -1370.691650
123.112411, -1380.730835
122.666656, -1391.407227
122.082848, -1402.249756
121.307175, -1413.294800
120.282059, -1424.326416
118.872620, -1435.287720
117.061333, -1445.461426
114.600433, -1456.072632
111.627213, -1466.487183
107.937294, -1476.999756
103.963097, -1486.178711
99.275810, -1495.085083
93.412865, -1504.388062
86.736023, -1513.298462
79.522736, -1521.349731
71.201218, -1528.994629
62.155987, -1535.534790
53.180573, -1540.515259
42.623295, -1545.005859
31.957798, -1548.458252
21.232347, -1551.035889
10.796095, -1552.787109
-0.444207, -1553.878540
-11.495053, -1554.004639
-22.829088, -1553.028442
-33.597427, -1551.015137
-44.494473, -1547.921509
-54.140564, -1544.312500
-64.068230, -1539.664551
-73.727158, -1533.933838
-82.112106, -1527.730347
-90.740410, -1519.981812
-98.280090, -1511.500122
-104.503693, -1502.476318
-109.892967, -1492.270142
-113.841248, -1482.504272
-117.073982, -1472.094971
-119.397415, -1461.898438
-121.092987, -1450.691406
-122.101189, -1440.372314
-122.912704, -1429.454468
-123.754173, -1417.784302
-124.730873, -1406.810669
-125.984940, -1395.469238
-127.489571, -1383.782471
-129.071625, -1372.830811
-130.894196, -1361.399048
-132.865509, -1350.377441
-134.924164, -1340.420044
-137.610504, -1329.571899
-140.937454, -1318.743774
-144.913055, -1308.306396
-149.542496, -1298.309204
-154.928925, -1288.674927
-161.366730, -1279.112183
-168.192993, -1270.694580
-176.105240, -1262.646240
-184.543076, -1255.637939
-193.884262, -1249.415161
-203.870712, -1244.231323
-213.772781, -1240.421265
-224.603119, -1237.608521
-235.245911, -1236.109497
-245.845642, -1235.851196
-256.341553, -1236.822266
-266.817139, -1239.066650
-277.053802, -1242.583008
-286.615875, -1247.227783
-296.626953, -1253.713257
-304.658386, -1260.378906
-312.735077, -1268.882690
-318.908203, -1277.083618
-324.360992, -1286.184937
-328.928101, -1295.975098
-332.350464, -1305.666992
-335.195251, -1316.781372
-336.956848, -1327.145874
-338.048157, -1337.144043
-338.978729, -1347.692139
-339.911896, -1358.662720
-340.732117, -1368.769897
-341.621307, -1379.785645
-342.559418, -1390.769653
-343.643433, -1401.698608
-345.004913, -1412.652100
-346.757416, -1423.822388
-349.027283, -1435.342773
-351.400604, -1445.109131
-354.671539, -1456.026367
-358.508087, -1466.456787
-362.948486, -1476.069824
-368.641998, -1485.854736
-375.433319, -1495.399414
-382.679443, -1503.780396
-390.935211, -1511.647095
-400.226318, -1518.894165
-408.705536, -1524.341553
-418.242737, -1529.312134
-428.482574, -1533.451050
-438.303650, -1536.411987
-448.530914, -1538.529053
-459.041992, -1539.753662
-469.267792, -1540.051270
-480.408142, -1539.253174
-491.877869, -1537.048340
-501.764282, -1534.017456
-511.955780, -1529.869629
-522.077271, -1524.722046
-530.771606, -1519.291748
-539.397095, -1512.696045
-547.380676, -1505.265259
-554.405701, -1497.314331
-560.367432, -1489.009399
-565.567444, -1479.856445
-569.722534, -1470.296997
-573.044373, -1459.886841
-575.318604, -1449.474243
-576.753113, -1438.439575
-577.370056, -1427.792480
-577.430237, -1416.520142
-577.146606, -1405.548218
-576.711853, -1393.703857
-576.309937, -1382.328003
-576.021423, -1370.720947
-575.933777, -1360.063232
-576.026062, -1349.302002
-576.292786, -1338.481567
-576.740112, -1327.452881
-577.370789, -1316.841064
-578.424744, -1305.354492
-580.132446, -1293.409668
-582.137634, -1283.532959
-585.088806, -1272.646484
-588.720276, -1262.354858
-593.412415, -1251.825073
-598.771606, -1242.183594
-605.427307, -1232.510254
-612.564148, -1224.072021
-620.983032, -1215.986450
-629.481079, -1209.394897
-639.019836, -1203.531860
-649.229309, -1198.737061
-659.789856, -1195.186890
-670.487366, -1192.924072
-681.049622, -1191.920898
-691.934143, -1192.093872
-702.365723, -1193.401001
-713.021545, -1195.913574
-722.847656, -1199.328857
-732.169006, -1203.627075
-741.190857, -1208.847656
-749.553833, -1214.751709
-757.650269, -1221.619141
-765.733215, -1229.886841
-772.262695, -1237.878418
-778.210144, -1246.472046
-783.425964, -1255.496582
-788.028198, -1265.239746
-791.744751, -1275.177246
-794.773682, -1285.834351
-797.089783, -1297.120117
-798.597412, -1308.145020
-799.553467, -1318.572998
-800.494751, -1329.639771
-801.592407, -1341.101440
-802.683655, -1351.821533
-803.860352, -1362.615845
-805.330688, -1374.355713
-807.063904, -1385.682739
-809.169189, -1396.841187
-811.401611, -1406.711548
-813.998108, -1416.392456
-817.650269, -1427.530151
-821.998413, -1438.266113
-827.218994, -1448.883667
-832.993408, -1458.629028
-839.335144, -1467.442871
-846.680054, -1475.765137
-855.135925, -1483.539185
-864.220764, -1490.259033
-873.854736, -1495.882446
-883.979492, -1500.398071
-894.469543, -1503.787231
-905.087891, -1506.023804
-915.991333, -1507.153809
-926.677063, -1507.150146
-937.408142, -1506.031006
-947.755676, -1503.848267
-957.662781, -1500.653076
-967.042236, -1496.517212
-976.035706, -1491.427734
-984.705505, -1485.360107
-992.944885, -1478.362427
-1000.267029, -1470.847290
-1007.380249, -1461.793213
-1013.381104, -1451.926147
-1017.704712, -1442.624146
-1021.195557, -1432.714844
-1023.805664, -1422.530884
-1025.620117, -1412.028320
-1026.660645, -1401.788818
-1027.134521, -1391.410767
-1027.189819, -1379.510254
-1027.029785, -1369.315918
-1026.828491, -1357.562012
-1026.723389, -1346.545410
-1026.774536, -1336.225708
-1027.033447, -1324.880249
-1027.497559, -1313.935181
-1028.202759, -1302.864624
-1029.192139, -1291.684204
-1030.538330, -1280.513306
-1032.326172, -1269.523315
-1034.455078, -1259.552490
-1037.553711, -1248.420166
-1041.461304, -1237.560059
-1046.253662, -1226.992188
-1051.930298, -1216.935059
-1058.738647, -1207.149170
-1066.257202, -1198.310669
-1074.499023, -1190.329834
-1083.331787, -1183.259766
-1092.916382, -1176.916870
-1103.252197, -1171.229858
-1112.616821, -1166.828125
-1122.872314, -1162.581543
-1132.631958, -1158.960815
-1142.514893, -1155.647949
-1152.627319, -1152.601196
-1163.084229, -1149.780396
-1173.591919, -1147.241821
-1184.065796, -1144.956543
-1194.619385, -1142.850586
-1205.157837, -1140.922974
-1216.062744, -1139.128540
-1226.634521, -1137.620483
-1237.645996, -1136.336182
-1248.643677, -1135.396973
-1259.661133, -1134.854370
-1270.767456, -1134.756592
-1281.901978, -1135.143799
-1293.091187, -1136.029175
-1304.082275, -1137.367310
-1315.532349, -1139.206543
-1327.099487, -1141.416382
-1338.554810, -1143.764893
-1349.193970, -1145.900635
-1359.834961, -1147.881714
-1370.374634, -1149.683716
-1381.108643, -1151.367188
-1392.266113, -1152.923950
-1402.921387, -1154.163330
-1413.874512, -1155.136841
-1424.652466, -1155.764160
-1435.459229, -1156.027344
-1446.302979, -1155.899902
-1457.223267, -1155.349121
-1467.738770, -1154.365112
-1478.207031, -1152.913940
-1488.643188, -1151.040771
-1498.989380, -1148.818604
-1509.214355, -1146.344360
-1519.460938, -1143.700317
-1529.829590, -1140.977295
-1540.366333, -1138.270020
-1550.741699, -1135.742554
-1561.427368, -1133.360352
-1572.180542, -1131.231812
-1582.872803, -1129.380371
-1593.704590, -1127.789673
-1604.427246, -1126.531738
-1615.426392, -1125.608643
-1626.438354, -1125.094116
-1637.827759, -1125.004883
-1648.701294, -1125.350830
-1659.592407, -1126.149414
-1670.510132, -1127.403198
-1681.256592, -1129.051514
-1691.365112, -1130.912720
-1701.541748, -1132.967651
-1711.884888, -1135.069702
-1722.020874, -1137.008911
-1732.300293, -1138.816650
-1742.809937, -1140.504272
-1753.202148, -1142.000122
-1763.619141, -1143.312622
-1774.458252, -1144.460205
-1785.124756, -1145.299683
-1795.668457, -1145.778687
-1806.298462, -1145.884033
-1816.793945, -1145.602051
-1827.607910, -1144.887939
-1837.910400, -1143.786133
-1848.593140, -1142.224976
-1858.823975, -1140.380615
-1869.260254, -1138.217285
-1879.385132, -1135.921021
-1889.795532, -1133.450806
-1900.295654, -1130.939941
-1910.691528, -1128.497925
-1921.245239, -1126.126343
-1931.836182, -1123.927124
-1942.757324, -1121.904785
-1953.569336, -1120.184448
-1964.229370, -1118.813354
-1975.461060, -1117.777100
-1986.483643, -1117.198242
-1997.541260, -1117.062134
-2008.740356, -1117.375122
-2019.553711, -1118.099609
-2030.663208, -1119.250610
-2041.503174, -1120.735229
-2052.520996, -1122.566528
-2064.250488, -1124.772095
-2074.329102, -1126.753174
-2084.625977, -1128.696045
-2094.825439, -1130.439819
-2105.252686, -1132.029419
-2115.705811, -1133.438477
-2126.293213, -1134.664185
-2137.152832, -1135.674316
-2147.760498, -1136.370239
-2158.633301, -1136.739868
-2169.132568, -1136.727051
-2180.072998, -1136.316650
-2190.687744, -1135.523193
-2201.599365, -1134.216675
-2211.788330, -1132.535278
-2222.110107, -1130.466553
-2232.225830, -1128.161499
-2242.541504, -1125.622192
-2252.697510, -1123.042358
-2263.312500, -1120.362183
-2273.741455, -1117.821167
-2284.325684, -1115.397461
-2294.844238, -1113.189087
-2305.585938, -1111.184204
-2316.363037, -1109.463501
-2327.212646, -1108.051636
-2338.149658, -1106.979736
-2349.248291, -1106.281250
-2360.137451, -1105.996948
-2371.119141, -1106.137207
-2382.201904, -1106.753906
-2393.389893, -1107.882202
-2404.642822, -1109.502563
-2416.158447, -1111.573242
-2426.107178, -1113.570435
-2436.719482, -1115.734741
-2447.189453, -1117.765259
-2457.688721, -1119.637695
-2468.229736, -1121.348267
-2478.695312, -1122.867798
-2489.421143, -1124.213623
-2500.154053, -1125.315796
-2511.008789, -1126.137573
-2521.690674, -1126.615479
-2532.486084, -1126.739990
-2543.147949, -1126.480591
-2554.256104, -1125.714844
-2564.771484, -1124.526978
-2575.134033, -1123.019043
-2585.415039, -1121.261108
-2596.231689, -1119.206299
-2606.738525, -1117.077637
-2617.115479, -1114.900024
-2627.689209, -1112.652344
-2638.310547, -1110.396362
-2648.741211, -1108.172607
-2658.889648, -1105.983276
-2669.929199, -1103.603149
-2680.521484, -1101.310181
-2691.270996, -1098.928711
-2701.788818, -1096.554565
-2712.269531, -1094.173462
-2722.925293, -1091.784424
-2733.537109, -1089.484009
-2744.191650, -1087.285767
-2754.757080, -1085.239502
-2765.730713, -1083.273926
-2776.740723, -1081.480957
-2787.643555, -1079.899170
-2798.648926, -1078.507568
-2809.594238, -1077.313965
-2820.604980, -1076.286987
-2831.587646, -1075.417725
-2842.600342, -1074.674316
-2853.571045, -1074.034424
-2864.401855, -1073.491577
-2875.175049, -1073.050171
-2886.076904, -1072.728516
-2896.940918, -1072.569824
-2907.757812, -1072.597900
-2918.675781, -1072.826782
-2929.746338, -1073.264648
-2940.662354, -1073.895752
-2951.344482, -1074.711182
-2962.360352, -1075.756958
-2973.093750, -1076.982300
-2983.883545, -1078.426392
-2994.768311, -1080.082886
-3005.433838, -1081.886475
-3016.103760, -1083.863159
-3026.627930, -1085.975098
-3037.267334, -1088.278564
-3047.822021, -1090.738892
-3058.215332, -1093.337769
-3068.757324, -1096.160767
-3079.175537, -1099.146240
-3089.473145, -1102.296143
-3099.725830, -1105.634033
-3109.863281, -1109.141479
-3119.983643, -1112.861084
-3130.024414, -1116.771973
-3140.088623, -1120.903076
-3150.110840, -1125.222900
-3159.952637, -1129.677856
-3169.678467, -1134.300415
-3179.433594, -1139.162598
-3188.935303, -1144.126465
-3198.442627, -1149.328613
-3207.828125, -1154.692261
-3217.157471, -1160.248169
-3226.477539, -1166.031494
-3235.564453, -1171.899414
-3244.599121, -1177.972046
-3253.300049, -1184.067383
-3262.047607, -1190.453491
-3270.645752, -1196.982422
-3279.430664, -1203.879517
-3287.640869, -1210.501221
-3295.866943, -1217.321533
-3304.049316, -1224.332886
-3312.044922, -1231.442627
-3319.917725, -1238.729004
-3327.788818, -1246.328613
-3335.531006, -1254.118042
-3343.172119, -1262.092896
-3350.444824, -1269.912354
-3357.649902, -1277.868896
-3364.876465, -1286.092896
-3371.917969, -1294.385620
-3378.843994, -1302.855469
-3385.523438, -1311.372437
-3392.113037, -1320.149780
-3398.431641, -1328.946289
-3404.543701, -1337.862427
-3410.563965, -1347.072510
-3416.293213, -1356.255615
-3421.914551, -1365.674316
-3427.336426, -1375.145630
-3432.594482, -1384.701172
-3437.605469, -1394.162598
-3442.511719, -1403.779541
-3447.263916, -1413.458130
-3451.844971, -1423.180786
-3456.232910, -1432.908813
-3460.540283, -1442.898682
-3464.672607, -1452.939941
-3468.580322, -1462.930054
-3472.301514, -1472.991089
-3475.864502, -1483.240845
-3479.192383, -1493.482300
-3482.345947, -1503.858154
-3485.338135, -1514.339111
-3488.160645, -1524.824097
-3490.803467, -1535.213501
-3493.337646, -1545.786133
-3495.668701, -1556.221558
-3497.817871, -1566.703003
-3499.795898, -1577.344482
-3501.589111, -1588.081665
-3503.184326, -1598.808228
-3504.579102, -1609.479126
-3505.804199, -1620.323608
-3506.826416, -1631.098999
-3507.645020, -1641.905640
-3508.259033, -1652.781128
-3508.664551, -1663.659424
-3508.869141, -1674.543457
-3508.883789, -1685.408691
-3508.717773, -1696.231201
-3508.373535, -1707.263550
-3507.872070, -1718.766724
-3507.360596, -1730.200317
-3507.032227, -1741.219360
-3506.994385, -1752.029297
-3507.304932, -1762.883179
-3507.999756, -1773.553223
-3509.127441, -1784.241699
-3510.747559, -1795.013306
-3512.938721, -1805.817261
-3515.633301, -1815.964844
-3518.895020, -1825.624634
-3522.823975, -1835.100098
-3527.803223, -1844.858032
-3533.400635, -1853.838623
-3539.791260, -1862.437256
-3546.885498, -1870.428101
-3554.186279, -1877.285278
-3562.317871, -1883.695312
-3571.020508, -1889.494629
-3579.946045, -1894.521851
-3589.290771, -1898.981445
-3598.702393, -1902.811646
-3608.650146, -1906.297241
-3618.671631, -1909.358154
-3628.927002, -1912.131104
-3638.979004, -1914.586304
-3649.471924, -1916.945068
-3659.948975, -1919.149170
-3671.129883, -1921.356201
-3681.899170, -1923.287354
-3692.379883, -1924.937134
-3703.101807, -1926.417847
-3713.954834, -1927.748413
-3724.831787, -1928.931519
-3735.778809, -1929.971802
-3746.690430, -1930.862305
-3757.611084, -1931.637451
-3768.345703, -1932.293701
-3779.492188, -1932.732910
-3790.868164, -1932.739258
-3802.412109, -1932.410034
-3813.658691, -1932.066772
-3825.695801, -1931.867432
-3837.092285, -1931.915894
-3847.899414, -1932.164917
-3859.560547, -1932.502930
-3870.009521, -1932.707886
-3880.460205, -1932.780884
-3891.332275, -1932.777222
-3902.301025, -1932.731079
-3912.931152, -1932.648926
-3923.602295, -1932.520630
-3934.894287, -1932.358032
-3945.965332, -1932.195190
-3956.870605, -1932.024536
-3968.031006, -1931.840820
-3978.901611, -1931.657471
-3989.854736, -1931.453003
-4000.875977, -1931.211792
-4011.958740, -1930.936035
-4023.047607, -1930.637695
-4034.191162, -1930.317505
-4045.134033, -1929.981567
-4056.283447, -1929.624512
-4067.253418, -1929.270142
-4078.271729, -1928.917969
-4089.276123, -1928.565674
-4100.501465, -1928.210693
-4111.720215, -1927.866821
-4122.711426, -1927.532471
-4133.695801, -1927.200562
-4144.742676, -1926.874512
-4155.699707, -1926.558228
-4166.725586, -1926.233032
-4177.647461, -1925.891357
-4188.624023, -1925.526855
-4199.565430, -1925.147949
-4210.527344, -1924.766357
-4221.420898, -1924.401978
-4232.225586, -1924.062866
-4243.196289, -1923.733521
-4254.042480, -1923.403931
-4265.033691, -1923.062866
-4276.003906, -1922.725220
-4286.877441, -1922.387573
-4297.695801, -1922.041260
-4308.569336, -1921.689331
-4319.353027, -1921.346558
-4330.081543, -1921.007812
-4340.851562, -1920.666016
-4351.856445, -1920.320190
-4362.744141, -1919.980713
-4373.555664, -1919.633667
-4384.291016, -1919.286255
-4395.088867, -1918.954712
-4405.915527, -1918.654419
-4416.646484, -1918.392456
-4427.564453, -1918.158813
-4438.662598, -1917.949097
-4448.759277, -1917.736206
-4460.500488, -1917.315186
-4471.107422, -1916.605835
-4481.643066, -1915.476440
-4492.237305, -1913.882568
-4502.666504, -1911.823730
-4513.041992, -1909.238525
-4523.569336, -1905.990356
-4533.606445, -1902.185303
-4543.088867, -1897.791748
-4552.591309, -1892.466309
-4561.405273, -1886.560059
-4569.868652, -1879.790894
-4577.139648, -1872.831909
-4583.839355, -1865.155762
-4589.893555, -1856.883667
-4595.185059, -1848.306274
-4599.958008, -1839.179932
-4604.205566, -1829.653687
-4607.920410, -1819.877808
-4611.105957, -1809.996704
-4613.853516, -1799.884644
-4616.134277, -1789.749268
-4618.014648, -1779.321411
-4619.472656, -1768.763550
-4620.519531, -1758.212524
-4621.143066, -1748.139771
-4621.355469, -1736.883179
-4621.147949, -1726.316895
-4620.688965, -1715.820679
-4620.059082, -1705.119019
-4619.357910, -1694.338745
-4618.655273, -1683.392578
-4618.015137, -1672.407959
-4617.468750, -1661.293823
-4617.043457, -1650.243530
-4616.736328, -1639.099609
-4616.558594, -1628.035645
-4616.523926, -1616.818481
-4616.654297, -1605.691772
-4616.975586, -1594.423950
-4617.500977, -1583.281250
-4618.247070, -1572.241089
-4619.245117, -1561.220825
-4620.550293, -1550.107544
-4622.182617, -1539.100342
-4624.167969, -1528.109253
-4626.484863, -1517.218506
-4629.177734, -1506.222656
-4632.116699, -1495.619263
-4635.395020, -1485.050781
-4639.028809, -1474.504150
-4642.930664, -1464.186401
-4647.173340, -1453.757690
-4651.689453, -1443.136353
-4655.942871, -1433.235840
-4660.218262, -1423.164673
-4664.436035, -1413.039307
-4668.555176, -1402.940430
-4672.506836, -1393.004761
-4676.434570, -1382.815063
-4680.249512, -1372.531128
-4683.847168, -1362.359253
-4687.321777, -1351.947998
-4690.514160, -1341.721313
-4693.558594, -1331.255493
-4696.331055, -1320.871460
-4698.783691, -1310.613037
-4701.015625, -1300.021851
-4702.964844, -1289.431152
-4704.666016, -1278.706909
-4706.097168, -1267.950317
-4707.243652, -1257.152710
-4708.070312, -1246.471313
-4708.586914, -1235.715210
-4708.771973, -1224.886108
-4708.606445, -1214.160278
-4708.089355, -1203.452515
-4707.227539, -1192.850098
-4705.991699, -1182.048462
-4704.419434, -1171.353394
-4702.485840, -1160.598511
-4700.219238, -1149.993530
-4697.583008, -1139.396118
-4694.620605, -1129.014404
-4691.255859, -1118.676025
-4687.565430, -1108.669922
-4683.427734, -1098.645752
-4679.004395, -1088.964111
-4674.088379, -1079.166382
-4668.942871, -1069.745972
-4663.434082, -1060.412964
-4657.470703, -1051.042847
-4651.529785, -1042.394409
-4645.204590, -1033.815918
-4638.694824, -1025.481689
-4631.964844, -1017.252930
-4625.154785, -1009.198181
-4618.268555, -1001.208618
-4611.279297, -993.134888
-4604.167480, -984.856628
-4597.327148, -976.782471
-4590.303711, -968.312317
-4583.433594, -959.814819
-4576.744141, -951.323242
-4570.139648, -942.695740
-4563.640625, -933.936890
-4557.262207, -925.038696
-4551.093262, -916.103149
-4545.112793, -907.065186
-4539.279785, -897.800598
-4533.799805, -888.586975
-4528.531738, -879.139709
-4523.482422, -869.425720
-4518.740723, -859.565369
-4514.343262, -849.622192
-4510.207520, -839.425659
-4506.421387, -829.189941
-4502.979004, -818.935486
-4499.788086, -808.412231
-4496.961914, -798.021179
-4494.362793, -787.244019
-4492.099121, -776.553772
-4490.111816, -765.745544
-4488.413086, -754.958069
-4486.981445, -744.312988
-4485.812500, -734.219360
-4484.615723, -723.080078
-4483.433594, -712.633606
-4482.143555, -702.332092
-4480.719727, -691.839172
-4479.211914, -681.371948
-4477.618652, -670.973206
-4475.868164, -660.326904
-4473.965820, -649.692688
-4471.878906, -639.086121
-4469.575195, -628.432617
-4467.076660, -617.915344
-4464.340332, -607.421753
-4461.403809, -597.097168
-4458.168945, -586.681274
-4454.724121, -576.558777
-4450.975098, -566.463989
-4446.927734, -556.410583
-4442.682129, -546.649780
-4438.029785, -536.739441
-4433.141602, -527.066833
-4427.985352, -517.589539
-4422.519531, -508.279083
-4416.794434, -499.223663
-4410.752441, -490.334808
-4404.383789, -481.617249
-4397.804199, -473.241364
-4390.864746, -465.033905
-4383.613281, -457.054138
-4376.049805, -449.282410
-4368.199219, -441.721130
-4360.009277, -434.352264
-4351.859863, -427.536774
-4343.241699, -420.841278
-4334.721191, -414.694916
-4325.882324, -408.788544
-4316.984863, -403.279968
-4307.834473, -398.006256
-4298.497559, -392.981812
-4288.939453, -388.143066
-4279.427246, -383.553833
-4269.687988, -379.008179
-4259.992676, -374.564850
-4250.142090, -370.079224
-4240.326172, -365.584534
-4230.792480, -361.153168
-4220.585449, -356.272217
-4210.889160, -351.477600
-4201.042480, -346.459534
-4191.412598, -341.397736
-4181.800293, -336.171997
-4172.255859, -330.780640
-4162.983398, -325.318146
-4153.630859, -319.561188
-4144.499023, -313.674072
-4135.427734, -307.519989
-4126.585449, -301.170715
-4117.873535, -294.494965
-4109.414062, -287.545441
-4101.267578, -280.376892
-4093.256592, -272.844086
-4085.551270, -265.134827
-4078.096924, -257.230011
-4070.875732, -249.130173
-4063.866943, -240.800842
-4057.178955, -232.334503
-4050.558105, -223.391098
-4044.257080, -214.362152
-4037.921143, -204.814255
-4031.742432, -195.213135
-4025.921387, -186.169846
-4020.066406, -177.280579
-4014.241455, -168.686707
-4008.153076, -159.905060
-4002.069336, -151.288727
-3995.783447, -142.545135
-3989.316406, -133.728500
-3982.799316, -125.103989
-3976.069580, -116.538704
-3969.223877, -108.190506
-3962.304688, -100.138344
-3955.121582, -92.161888
-3947.731445, -84.319923
-3940.119629, -76.624863
-3932.272705, -69.089722
-3924.279785, -61.801540
-3915.770508, -54.460979
-3907.751465, -47.965179
-3899.040283, -41.322582
-3890.237549, -35.012684
-3881.332275, -29.081785
-3872.289795, -23.518866
-3863.054199, -18.268633
-3853.518555, -13.235632
-3843.656006, -8.372689
-3833.638428, -3.754463
-3823.710693, 0.470091
-3813.554932, 4.370492
-3803.474609, 7.810937
-3793.071777, 10.946898
-3782.861816, 13.621505
-3772.077637, 16.038271
-3761.967041, 17.926388
-3751.172852, 19.535505
-3740.610840, 20.741161
-3729.849854, 21.613298
-3719.301758, 22.143635
-3708.633057, 22.402908
-3697.906006, 22.435999
-3687.759766, 22.291616
-3677.008545, 22.015015
-3666.569336, 21.692549
-3655.253906, 21.348324
-3644.302734, 21.062458
-3633.398193, 20.851664
-3622.533447, 20.744469
-3611.640625, 20.764669
-3600.673340, 20.937113
-3589.765381, 21.285673
-3578.748291, 21.835880
-3567.861084, 22.594326
-3556.965820, 23.595808
-3546.249268, 24.845720
-3535.228271, 26.431450
-3524.530518, 28.291170
-3513.846924, 30.485764
-3503.458252, 32.957649
-3492.747314, 35.870575
-3482.214111, 39.099846
-3471.993164, 42.577007
-3461.693359, 46.428448
-3451.556885, 50.564892
-3441.554932, 54.982594
-3431.731201, 59.656609
-3421.816162, 64.707527
-3412.711914, 69.596069
-3402.557129, 75.153793
-3393.737305, 79.886055
-3384.363525, 84.646011
-3374.887939, 89.087219
-3365.413330, 93.160309
-3356.061768, 96.805252
-3346.312500, 100.189339
-3336.265381, 103.237694
-3326.552490, 105.794067
-3316.057861, 108.237633
-3305.676025, 110.425201
-3295.005127, 112.470329
-3284.360596, 114.314880
-3273.787842, 115.956795
-3263.121582, 117.437828
-3252.137695, 118.834755
-3241.222168, 120.106361
-3229.942383, 121.287804
-3218.572510, 122.329620
-3207.833984, 123.132759
-3196.980957, 123.776260
-3186.052490, 124.304398
-3175.223633, 124.741447
-3164.206055, 125.115494
-3153.241943, 125.434685
-3142.256104, 125.711838
-3131.317383, 125.940704
-3120.253418, 126.121902
-3109.237061, 126.244232
-3098.275391, 126.307838
-3087.334229, 126.321472
-3076.324219, 126.299355
-3065.348633, 126.258308
-3054.380127, 126.204002
-3043.487549, 126.129021
-3032.512451, 126.021912
-3021.634277, 125.882889
-3010.811768, 125.715401
-2999.955078, 125.522781
-2989.057373, 125.312363
-2978.014893, 125.088707
-2967.221436, 124.848869
-2956.387207, 124.579460
-2945.422363, 124.285515
-2934.547852, 123.973564
-2923.805176, 123.644455
-2912.890381, 123.295197
-2902.023926, 122.942665
-2891.047119, 122.589325
-2880.263672, 122.234543
-2869.494385, 121.869522
-2858.407715, 121.494499
-2847.617920, 121.127464
-2836.669678, 120.745644
-2825.839111, 120.356880
-2814.870850, 119.953674
-2803.895508, 119.556244
-2793.147949, 119.165871
-2782.435547, 118.756142
-2771.709717, 118.337189
-2760.886963, 117.921494
-2750.112549, 117.509659
-2739.400635, 117.090065
-2728.605713, 116.670189
-2717.603027, 116.262421
-2706.710205, 115.873016
-2696.003662, 115.494194
-2684.993408, 115.107666
-2674.176514, 114.722389
-2663.318848, 114.320190
-2652.261475, 113.900574
-2641.445557, 113.485558
-2630.429688, 113.064621
-2619.572021, 112.658722
-2608.762695, 112.254379
-2597.843262, 111.836861
-2587.096680, 111.418037
-2576.288086, 110.993065
-2565.465576, 110.574661
-2554.414795, 110.161797
-2543.688232, 109.763336
-2532.893066, 109.353149
-2522.015137, 108.934006
-2511.282471, 108.512894
-2500.618896, 108.089462
-2489.520752, 107.651695
-2478.829590, 107.228249
-2467.827881, 106.799866
-2457.060303, 106.391190
-2446.285645, 105.981644
-2435.421387, 105.567451
-2424.660645, 105.160362
-2413.851562, 104.748428
-2403.125977, 104.324051
-2392.269531, 103.889671
-2381.364502, 103.459908
-2370.611328, 103.032654
-2359.913818, 102.594574
-2348.954834, 102.132256
-2338.368896, 101.673347
-2327.417725, 101.188873
-2316.659912, 100.707283
-2305.853760, 100.228477
-2294.839844, 99.756393
-2284.025635, 99.299164
-2273.314941, 98.847717
-2262.404053, 98.391365
-2251.713623, 97.948303
-2240.788330, 97.505142
-2229.959473, 97.072525
-2219.006348, 96.637657
-2208.205322, 96.198395
-2197.529053, 95.752167
-2186.652344, 95.304199
-2175.788818, 94.869965
-2165.021729, 94.447029
-2154.158203, 94.015327
-2143.398682, 93.573471
-2132.494629, 93.119209
-2121.673340, 92.665741
-2111.011230, 92.209526
-2100.162842, 91.743454
-2089.417725, 91.291138
-2078.754883, 90.848648
-2067.774658, 90.398964
-2056.987061, 89.967674
-2046.006226, 89.531517
-2035.384888, 89.090431
-2024.571167, 88.624733
-2013.660767, 88.156387
-2002.874268, 87.698784
-1992.080811, 87.243301
-1981.322021, 86.785835
-1970.438843, 86.326828
-1959.465454, 85.877625
-1948.692261, 85.432625
-1937.899048, 84.971001
-1927.085571, 84.497765
-1916.327637, 84.020477
-1905.486816, 83.541435
-1894.659790, 83.063950
-1883.956299, 82.604210
-1872.920776, 82.155098
-1862.223145, 81.722801
-1851.388062, 81.272156
-1840.594604, 80.816345
-1829.973633, 80.367744
-1819.055908, 79.910835
-1808.206909, 79.461418
-1797.213013, 79.009262
-1786.322998, 78.549492
-1775.709595, 78.084015
-1764.813232, 77.611160
-1753.985229, 77.155846
-1743.205566, 76.700699
-1732.550781, 76.234344
-1721.827515, 75.753784
-1710.924438, 75.277100
-1700.014160, 74.806587
-1689.387451, 74.329163
-1678.705688, 73.846474
-1667.594604, 73.385651
-1656.710083, 72.960472
-1646.012573, 72.524811
-1635.343506, 72.068130
-1624.453857, 71.600258
-1613.515503, 71.140686
-1602.935425, 70.705872
-1592.293213, 70.269295
-1581.540527, 69.829109
-1570.835693, 69.403168
-1559.958252, 68.975311
-1549.239502, 68.552628
-1538.292847, 68.126266
-1527.511597, 67.709610
-1516.772217, 67.283211
-1506.054443, 66.835419
-1495.261353, 66.371674
-1484.440552, 65.909882
-1473.598999, 65.449501
-1462.750610, 64.986198
-1451.805786, 64.516243
-1441.033569, 64.048538
-1430.317017, 63.572231
-1419.421631, 63.078186
-1408.740234, 62.588638
-1397.900146, 62.093155
-1387.149536, 61.606045
-1376.171021, 61.114853
-1365.371582, 60.637875
-1354.572388, 60.154976
-1343.870361, 59.663921
-1332.996460, 59.154057
-1322.384644, 58.653198
-1311.593018, 58.157505
-1300.469238, 57.671230
-1288.704346, 57.151150
-1277.421387, 56.528831
-1266.686768, 55.675461
-1255.950562, 54.475163
-1245.366455, 52.907692
-1234.141357, 50.783722
-1223.612671, 48.273693
-1213.465698, 45.270176
-1203.135620, 41.541161
-1193.731201, 37.444977
-1184.723389, 32.758022
-1176.053223, 27.485821
-1167.443848, 21.548975
-1159.386597, 15.437560
-1150.596313, 8.347684
-1141.439453, 0.833291
-1133.197510, -5.770817
-1124.883179, -12.125617
-1116.567505, -18.119711
-1107.861816, -24.001272
-1099.065430, -29.554621
-1090.024536, -34.852085
-1080.772461, -39.815388
-1071.077515, -44.486645
-1061.344482, -48.586887
-1051.140991, -52.198444
-1040.676880, -55.123142
-1030.038330, -57.226406
-1018.809875, -58.433796
-1008.166321, -58.559692
-997.095886, -57.579994
-986.130920, -55.455418
-975.729126, -52.316204
-965.311523, -48.046513
-955.361206, -42.958313
-946.450500, -37.536995
-937.524597, -31.562420
-928.875549, -25.745081
-920.299744, -20.066719
-911.728027, -14.432319
-902.993164, -8.719397
-894.175476, -2.994497
-884.832886, 2.883246
-875.911011, 8.000731
-866.117126, 12.815752
-855.148315, 17.214119
-844.551147, 20.653452
-833.945984, 23.534176
-822.641724, 26.153759
-811.264709, 28.505894
-800.100708, 30.655787
-788.894897, 32.694889
-778.856384, 34.437691
-767.126465, 36.319721
-756.050598, 37.862091
-745.019836, 39.159405
-733.687195, 40.299408
-722.246216, 41.320358
-710.708008, 42.257149
-699.114746, 43.109116
-687.652771, 43.858261
-676.143250, 44.508373
-664.828430, 45.047802
-653.447571, 45.499905
-641.601379, 45.880730
-630.359924, 46.156776