11.224137 -0.002735
16.915585 -0.009886
22.570209 -0.021826
28.253591 -0.035495
33.927775 -0.045321
39.603113 -0.051862
45.283049 -0.061143
50.946854 -0.076733
56.615234 -0.098314
62.284744 -0.124192
67.935620 -0.153424
73.573102 -0.184380
79.230025 -0.215477
84.873129 -0.247126
90.501944 -0.280775
96.123462 -0.316368
101.731243 -0.354668
107.341313 -0.400218
112.937067 -0.461243
118.520343 -0.549159
135.378921 -0.745810
174.627422 -1.295339
202.392863 -2.085055
224.313060 -3.303250
235.104570 -4.524363
251.142921 -6.740698
261.538376 -8.975073
276.850039 -12.926165
286.593916 -16.473360
296.074751 -20.639586
305.282710 -25.464264
318.542623 -33.527335
330.933313 -43.230578
338.389411 -50.760206
333.668304 -47.890791
328.688549 -45.748937
327.689108 -46.951620
334.891097 -54.150908
333.764117 -55.454021
336.591000 -59.898051
335.275786 -61.355481
333.864453 -62.949405
336.453958 -67.519774
334.897700 -69.234352
329.075988 -68.416205
331.522541 -72.985896
329.716005 -75.001081
323.580892 -74.720300
317.270966 -74.787500
287.842501 -66.433970
261.713903 -62.080808
269.338571 -67.241927
276.757975 -72.622302
283.966991 -78.223182
290.965515 -84.042141
297.751068 -90.078637
304.321804 -96.335423
310.679365 -102.808659
316.819782 -109.495598
322.742505 -116.395571
328.451397 -123.512414
333.945697 -130.843716
339.216932 -138.390366
344.272161 -146.149651
349.111670 -154.127060
353.733665 -162.323330
358.139044 -170.725004
362.321546 -179.336928
366.287490 -188.155679
370.037653 -197.176581
373.570905 -206.395148
376.893309 -215.804932
380.008055 -225.396011
382.918622 -235.159420
385.621926 -245.081388
388.129675 -255.149531
390.448538 -265.356287
392.586554 -275.686721
394.551123 -286.125827
396.341913 -296.661098
397.964200 -307.273487
399.433317 -317.955883
400.763198 -328.686151
401.976813 -339.465285
403.084603 -350.286041
404.089186 -361.133504
404.995353 -371.997325
405.810990 -382.875383
406.541739 -393.760289
407.196122 -404.651616
407.780394 -415.544998
408.299539 -426.437855
408.761361 -437.336160
409.170713 -448.230322
409.532244 -459.120844
409.851805 -470.011699
410.132896 -480.899865
410.379472 -491.784028
410.594982 -502.663970
410.782471 -513.539758
410.945745 -524.413709
411.086894 -535.280659
411.208541 -546.143149
411.313138 -557.003753
411.403196 -567.864656
411.480451 -578.723390
411.545842 -589.575730
411.600643 -600.429610
411.646222 -611.280142
411.683687 -622.136530
411.713340 -632.987988
411.735820 -643.842222
411.752017 -654.699896
411.763127 -665.557661
411.769910 -676.411907
411.772957 -687.263725
411.774136 -698.125783
411.774563 -708.987986
411.773687 -719.853651
411.770439 -730.720855
411.763948 -741.588640
411.754039 -752.452031
411.741017 -763.315437
411.725237 -774.171947
411.707126 -785.026523
411.686973 -795.881509
411.664537 -806.732894
411.639491 -817.584126
411.611513 -828.435337
411.580104 -839.284858
411.545061 -850.133511
411.506235 -860.977697
411.463245 -871.821814
411.415844 -882.662117
411.363801 -893.500802
411.306991 -904.339243
411.245356 -915.176462
411.178525 -926.012582
411.106038 -936.848422
411.028041 -947.680811
410.944481 -958.514851
410.855270 -969.345435
410.760123 -980.171460
410.658824 -990.998319
410.551312 -1001.827671
410.437610 -1012.655513
410.317211 -1023.481971
410.189528 -1034.310751
410.053624 -1045.137390
409.906832 -1055.963577
409.746364 -1066.786975
409.570172 -1077.609557
409.377056 -1088.432496
409.165306 -1099.251960
408.932494 -1110.068601
408.167385 -1164.181439
408.276505 -1142.518620
407.747740 -1153.305301
407.377805 -1164.105597
406.974143 -1174.904636
406.533469 -1185.703503
406.054149 -1196.495942
405.408987 -1212.697434
404.969896 -1218.077550
404.363370 -1228.854167
403.711338 -1239.627898
403.014046 -1250.399662
402.271193 -1261.167129
401.484639 -1271.924087
400.654115 -1282.674647
399.780554 -1293.425022
398.866351 -1304.167258
397.912708 -1314.907356
396.920693 -1325.642715
395.892515 -1336.372102
394.829660 -1347.101440
393.735179 -1357.826829
392.612006 -1368.548474
387.458412 -1427.657834
384.458323 -1454.467128
387.289116 -1422.202942
387.895195 -1411.413279
384.715414 -1443.620006
382.870845 -1459.697431
380.964306 -1475.765048
374.816587 -1523.900655
369.966137 -1555.893510
369.275707 -1561.247577
367.750616 -1571.940365
368.860726 -1566.650879
369.909599 -1561.352155
364.326528 -1598.708660
360.362817 -1625.405182
356.637714 -1652.088568
358.866042 -1641.507994
363.335750 -1620.298587
369.107939 -1582.972861
368.139523 -1593.702024
367.215137 -1604.433647
366.336727 -1615.165559
365.504996 -1625.893140
364.722043 -1636.621270
363.989763 -1647.348484
363.309851 -1658.077693
362.684827 -1668.809783
362.115807 -1679.544409
361.603229 -1690.281567
361.147066 -1701.016140
360.748663 -1711.755498
360.409540 -1722.494341
356.716206 -1776.115467
356.125052 -1813.844416
359.294754 -1760.085541
359.622911 -1765.477207
359.565103 -1776.230479
359.560991 -1786.981897
359.610328 -1797.735359
359.710176 -1808.487871
359.860650 -1819.247361
360.060412 -1830.008330
360.306946 -1840.772256
360.598936 -1851.536599
360.935731 -1862.309902
361.314893 -1873.082783
361.734788 -1883.856653
362.191624 -1894.631294
362.682155 -1905.409827
363.203498 -1916.192568
363.752792 -1926.971169
364.325770 -1937.754522
364.920206 -1948.538833
365.533580 -1959.321804
366.163115 -1970.104185
366.805598 -1980.889500
367.457886 -1991.679368
368.116194 -2002.466460
368.776685 -2013.253440
369.436051 -2024.031025
370.091503 -2034.811384
370.740397 -2045.591397
371.379458 -2056.367720
372.005085 -2067.146472
372.613456 -2077.929275
373.199263 -2088.703481
373.759192 -2099.478223
374.290031 -2110.250659
374.789454 -2121.017324
375.256620 -2131.787456
375.690018 -2142.554434
376.089272 -2153.317908
376.455119 -2164.088926
376.787060 -2174.863547
377.084932 -2185.639680
377.349022 -2196.420032
377.579819 -2207.201235
377.778396 -2217.984690
377.945891 -2228.769534
378.084136 -2239.555522
378.193461 -2250.344299
378.275414 -2261.132625
378.332825 -2271.918831
378.368911 -2282.702639
378.386826 -2293.489402
378.387687 -2304.290620
378.459112 -2342.064654
377.441434 -2461.087412
376.904075 -2493.566778
376.057507 -2536.968766
375.249430 -2564.038167
374.422574 -2580.212402
373.253506 -2596.280859
371.570458 -2612.243408
368.304844 -2632.968750
365.676627 -2642.903390
362.403952 -2652.790039
356.612228 -2667.404948
349.158630 -2681.450781
345.738179 -2685.772908
339.063065 -2694.427775
331.590953 -2702.575195
334.165917 -2697.355740
338.468015 -2687.510404
331.835315 -2695.438082
324.621558 -2702.941613
316.841722 -2710.016939
312.195843 -2712.809431
307.446101 -2715.460644
306.197107 -2714.168744
313.840023 -2700.541815
314.433435 -2694.688340
316.684023 -2684.123350
310.085878 -2691.279162
313.836854 -2675.994004
317.933448 -2655.527014
298.600314 -2694.368305
296.271885 -2692.410226
303.781967 -2668.262846
310.416247 -2638.329595
304.973547 -2645.715864
299.306450 -2652.910039
293.415335 -2659.902729
287.303277 -2666.691221
280.976484 -2673.277539
274.440313 -2679.659199
267.690900 -2685.834478
260.717876 -2691.800181
253.527071 -2697.556592
246.124903 -2703.107407
238.506585 -2708.443682
230.667206 -2713.567573
222.610540 -2718.480820
214.336878 -2723.183691
205.848300 -2727.674023
197.140901 -2731.937920
188.215345 -2735.984551
179.081868 -2739.812734
169.752056 -2743.424272
160.223672 -2746.831079
150.508574 -2750.031553
140.614614 -2753.025542
130.561680 -2755.815898
120.348658 -2758.408643
109.985179 -2760.813418
99.494202 -2763.028335
88.896132 -2765.042959
78.211869 -2766.868418
67.453696 -2768.524966
56.637077 -2770.021763
45.775294 -2771.373076
34.879316 -2772.594502
23.940507 -2773.707798
12.970307 -2774.713677
1.974262 -2775.617822
-9.030222 -2776.427105
-20.043731 -2777.148452
-31.061924 -2777.789712
-42.082621 -2778.359175
-53.101655 -2778.863843
-64.116095 -2779.308252
-75.116696 -2779.697344
-86.106114 -2780.034595
-97.072427 -2780.325200
-108.017882 -2780.571323
-118.943011 -2780.775874
-129.869011 -2780.945093
-140.788614 -2781.081294
-151.700069 -2781.188047
-162.592509 -2781.267715
-173.484059 -2781.323569
-184.365490 -2781.356987
-195.234590 -2781.369771
-206.097726 -2781.363423
-216.960880 -2781.339507
-227.837343 -2781.299819
-238.712391 -2781.246055
-249.581685 -2781.178926
-260.450688 -2781.100176
-271.323898 -2781.011743
-282.195215 -2780.914233
-293.062829 -2780.807354
-303.927552 -2780.691538
-314.790743 -2780.567881
-325.653494 -2780.437656
-336.511799 -2780.301606
-347.364420 -2780.160801
-358.216471 -2780.016475
-369.074163 -2779.869067
-379.930725 -2779.718315
-390.787536 -2779.564023
-401.640456 -2779.406816
-412.504538 -2779.247515
-423.366120 -2779.086548
-434.220368 -2778.923931
-445.080532 -2778.759668
-455.937498 -2778.593770
-466.794714 -2778.426240
-477.655500 -2778.257407
-488.520550 -2778.087461
-499.385033 -2777.916572
-510.249919 -2777.744844
-521.110652 -2777.572402
-531.968058 -2777.399033
-542.817440 -2777.224463
-553.668182 -2777.048574
-564.521393 -2776.871606
-575.372931 -2776.693530
-586.222931 -2776.514185
-597.073192 -2776.333716
-607.921506 -2776.152158
-618.772972 -2775.969097
-629.622194 -2775.784077
-640.484902 -2775.596855
-651.355855 -2775.407866
-662.232982 -2775.217378
-673.113658 -2775.025264
-683.991389 -2774.831338
-694.871552 -2774.635288
-705.758005 -2774.436685
-716.643015 -2774.235303
-727.528519 -2774.031162
-738.418668 -2773.824575
-749.308369 -2773.616235
-760.198875 -2773.406606
-771.077075 -2773.196069
-781.959262 -2772.984453
-792.837427 -2772.771924
-803.712535 -2772.558335
-814.585140 -2772.343696
-825.458002 -2772.128037
-836.323811 -2771.911811
-847.187546 -2771.695376
-858.046047 -2771.479585
-868.902777 -2771.265391
-879.756497 -2771.053247
-890.613550 -2770.842832
-901.467854 -2770.633486
-912.322443 -2770.424927
-923.174005 -2770.217241
-934.024336 -2770.010332
-944.871362 -2769.804067
-955.714803 -2769.598101
-966.555896 -2769.392119
-977.399199 -2769.186191
-988.238364 -2768.980591
-999.074499 -2768.775430
-1009.913407 -2768.570947
-1020.750400 -2768.367607
-1031.584377 -2768.165708
-1042.418789 -2767.965225
-1053.249076 -2767.766016
-1064.090005 -2767.567563
-1074.930806 -2767.369722
-1085.774651 -2767.172383
-1096.623199 -2766.975625
-1107.467616 -2766.779521
-1118.313144 -2766.583926
-1129.153297 -2766.388794
-1139.992207 -2766.193765
-1150.833050 -2765.998848
-1161.675973 -2765.804453
-1172.517124 -2765.611226
-1183.356515 -2765.419648
-1194.196363 -2765.229946
-1205.033223 -2765.042192
-1215.865428 -2764.855996
-1226.696140 -2764.670742
-1237.528945 -2764.486270
-1248.363985 -2764.302686
-1259.195874 -2764.120059
-1270.025436 -2763.938247
-1280.851432 -2763.757510
-1291.676487 -2763.577954
-1302.498108 -2763.399409
-1313.324163 -2763.221646
-1324.153135 -2763.044932
-1334.983645 -2762.869375
-1345.812793 -2762.694829
-1356.643889 -2762.521152
-1367.473076 -2762.348774
-1378.303391 -2762.177788
-1389.135654 -2762.007632
-1399.968049 -2761.837183
-1410.803457 -2761.665103
-1421.640347 -2761.490547
-1432.469880 -2761.313301
-1443.299106 -2761.133740
-1454.124861 -2760.952554
-1464.949768 -2760.770103
-1475.773970 -2760.586543
-1486.603953 -2760.401772
-1497.432537 -2760.215884
-1508.261243 -2760.028926
-1519.088411 -2759.840771
-1529.912522 -2759.651396
-1540.740618 -2759.460981
-1551.566482 -2759.269385
-1562.392996 -2759.075688
-1573.219595 -2758.879092
-1584.041853 -2758.679170
-1594.864597 -2758.475737
-1605.686174 -2758.269009
-1616.506455 -2758.059507
-1627.325998 -2757.847646
-1638.144670 -2757.633594
-1648.963020 -2757.417314
-1659.779941 -2757.198740
-1670.602336 -2756.977827
-1681.422068 -2756.754907
-1692.239138 -2756.530107
-1703.053423 -2756.304023
-1713.868938 -2756.077329
-1724.687627 -2755.850415
-1735.504661 -2755.623657
-1746.326670 -2755.397222
-1757.150491 -2755.171567
-1767.979031 -2754.946948
-1778.802908 -2754.723677
-1789.626956 -2754.501831
-1800.454070 -2754.281279
-1811.281206 -2754.061694
-1822.107248 -2753.842612
-1832.937844 -2753.623296
-1843.769250 -2753.403008
-1854.597861 -2753.180981
-1865.419521 -2752.956655
-1876.237539 -2752.729795
-1887.053152 -2752.500410
-1897.868423 -2752.268164
-1908.684729 -2752.032754
-1919.502070 -2751.794258
-1930.314382 -2751.553203
-1941.130376 -2751.310029
-1951.941504 -2751.065444
-1962.750945 -2750.819512
-1973.561999 -2750.571719
-1984.372434 -2750.321206
-1995.183887 -2750.067236
-2005.995937 -2749.809609
-2016.805830 -2749.548594
-2027.612747 -2749.284609
-2038.417812 -2749.018345
-2049.221326 -2748.750610
-2060.022749 -2748.482139
-2070.828997 -2748.213325
-2081.637312 -2747.944429
-2092.445354 -2747.675542
-2103.254504 -2747.406772
-2114.062146 -2747.138350
-2124.874492 -2746.870371
-2135.687822 -2746.603081
-2146.496611 -2746.336397
-2157.309546 -2746.069893
-2168.123870 -2745.803672
-2178.940134 -2745.537734
-2189.754478 -2745.272256
-2200.569810 -2745.007578
-2211.381721 -2744.744360
-2222.195603 -2744.482852
-2233.009519 -2744.223105
-2243.824014 -2743.964858
-2254.640188 -2743.707993
-2265.455142 -2743.452632
-2276.263079 -2743.198872
-2287.069521 -2742.946753
-2297.874336 -2742.696772
-2308.673662 -2742.449351
-2319.471636 -2742.203989
-2330.271841 -2741.959956
-2341.072891 -2741.716763
-2351.873950 -2741.474229
-2362.675293 -2741.232022
-2373.471807 -2740.990098
-2384.267783 -2740.748955
-2395.063647 -2740.509131
-2405.860513 -2740.270820
-2416.660322 -2740.034429
-2427.464604 -2739.800523
-2438.268403 -2739.569653
-2449.074336 -2739.341670
-2459.881157 -2739.116025
-2470.690508 -2738.892114
-2481.498501 -2738.669273
-2492.306919 -2738.446773
-2503.121416 -2738.224395
-2513.934961 -2738.002671
-2524.751987 -2737.782056
-2535.570161 -2737.562944
-2546.387417 -2737.345425
-2557.205122 -2737.129067
-2568.024360 -2736.913086
-2578.844409 -2736.696445
-2589.665371 -2736.477974
-2600.490269 -2736.256958
-2611.311235 -2736.033511
-2622.128696 -2735.807861
-2632.943491 -2735.580630
-2643.758809 -2735.352271
-2654.573540 -2735.122778
-2665.388652 -2734.891953
-2676.204141 -2734.659732
-2687.022485 -2734.425918
-2697.834019 -2734.190576
-2708.645908 -2733.953262
-2719.454712 -2733.714336
-2730.263203 -2733.474014
-2741.070815 -2733.231826
-2751.880708 -2732.986953
-2762.691758 -2732.738682
-2773.501318 -2732.486152
-2784.308940 -2732.228433
-2795.112813 -2731.964878
-2805.914727 -2731.695142
-2816.719365 -2731.418843
-2827.522856 -2731.135703
-2838.329482 -2730.845464
-2849.139253 -2730.548242
-2859.950405 -2730.245166
-2870.758267 -2729.937407
-2881.567134 -2729.625581
-2892.375503 -2729.310259
-2903.187373 -2728.991406
-2913.998862 -2728.668731
-2924.813398 -2728.341528
-2935.628350 -2728.009605
-2946.444258 -2727.672827
-2957.260566 -2727.331030
-2968.074253 -2726.984272
-2978.886021 -2726.632813
-2989.696299 -2726.277105
-3000.506060 -2725.917671
-3011.316831 -2725.554971
-3022.127393 -2725.189653
-3032.940791 -2724.822231
-3043.750557 -2724.453345
-3054.558086 -2724.083545
-3065.364629 -2723.713057
-3076.169907 -2723.341758
-3086.977090 -2722.969468
-3097.787422 -2722.596333
-3108.597739 -2722.222827
-3119.408335 -2721.849414
-3130.218535 -2721.476582
-3141.025723 -2721.104600
-3151.830996 -2720.733359
-3162.637940 -2720.362593
-3173.448340 -2719.991973
-3184.256670 -2719.621348
-3195.064028 -2719.250508
-3205.871655 -2718.879380
-3216.677759 -2718.508115
-3227.483452 -2718.137026
-3238.293301 -2717.766265
-3249.101509 -2717.396001
-3259.912764 -2717.025894
-3270.728711 -2716.655767
-3281.544111 -2716.285864
-3292.357319 -2715.916445
-3303.169458 -2715.548159
-3313.978218 -2715.182275
-3324.792192 -2714.819585
-3335.609463 -2714.460464
-3346.428506 -2714.104829
-3357.249873 -2713.752549
-3368.070107 -2713.403403
-3378.888916 -2713.056846
-3389.707930 -2712.712139
-3400.526558 -2712.368311
-3411.346982 -2712.024546
-3422.162847 -2711.680767
-3432.982422 -2711.336484
-3443.799087 -2710.992002
-3454.614795 -2710.647783
-3465.431782 -2710.304448
-3476.249243 -2709.962744
-3487.066367 -2709.623130
-3497.882461 -2709.285449
-3508.703711 -2708.949009
-3519.529273 -2708.613408
-3530.354443 -2708.278462
-3541.180049 -2707.944136
-3552.005552 -2707.610850
-3562.829439 -2707.279009
-3573.651436 -2706.948540
-3584.472217 -2706.618901
-3595.297007 -2706.289336
-3606.123452 -2705.959551
-3616.949194 -2705.629453
-3627.772573 -2705.298877
-3638.594551 -2704.967695
-3649.415537 -2704.635771
-3660.234004 -2704.302822
-3671.054907 -2703.968350
-3681.877275 -2703.632241
-3692.702212 -2703.294409
-3703.525303 -2702.955034
-3714.348350 -2702.614321
-3725.170957 -2702.272803
-3735.994531 -2701.931323
-3746.815366 -2701.590718
-3757.637612 -2701.251133
-3768.461543 -2700.912612
-3779.286196 -2700.575205
-3790.112539 -2700.238936
-3800.937393 -2699.903848
-3811.758691 -2699.570000
-3822.579473 -2699.237456
-3833.402349 -2698.905933
-3844.225644 -2698.574761
-3855.053066 -2698.243081
-3865.877148 -2697.910420
-3876.698013 -2697.576323
-3887.518140 -2697.240684
-3898.339473 -2696.903818
-3909.161479 -2696.566270
-3919.983066 -2696.228452
-3930.804653 -2695.890542
-3941.630244 -2695.552529
-3952.455151 -2695.214556
-3963.279917 -2694.876489
-3974.102061 -2694.538413
-3984.923384 -2694.200493
-3995.745547 -2693.862827
-4006.560674 -2693.525566
-4017.375801 -2693.188208
-4028.192852 -2692.850596
-4039.006455 -2692.513174
-4049.816904 -2692.176353
-4060.622554 -2691.840703
-4071.426323 -2691.506855
-4082.229331 -2691.175234
-4093.033911 -2690.845635
-4103.845293 -2690.517222
-4114.669058 -2690.187319
-4276.767844 -2685.267445
-4320.046814 -2683.837295
-4341.773054 -2683.032436
-4363.588094 -2682.069865
-4380.014604 -2681.041526
-4401.973416 -2679.241238
-4418.385620 -2676.971985
-4434.467774 -2673.674351
-4444.899833 -2670.555280
-4455.105190 -2666.808733
-4469.994141 -2660.349162
-4484.040430 -2652.284619
-4492.632324 -2645.796973
-4504.516357 -2635.013916
-4511.210327 -2626.790894
-4516.911865 -2618.007141
-4521.615723 -2608.611511
-4525.246826 -2598.767517
-4527.744507 -2588.569336
-4529.048217 -2578.053528
-4528.939941 -2562.294108
-4526.667643 -2551.725749
-4522.637207 -2541.386393
-4516.875326 -2531.478109
-4513.080445 -2527.244446
-4505.680176 -2519.106628
-4505.159994 -2520.122640
-4509.361572 -2530.560327
-4510.736426 -2546.251253
-4506.795630 -2561.110962
-4496.501371 -2577.745972
-4500.021701 -2535.834161
-4481.984150 -2506.950740
-4473.376315 -2500.792330
-4472.411198 -2502.068571
-4474.444878 -2507.332384
-4477.480757 -2517.130848
-4477.722337 -2527.150456
-4473.435511 -2524.628689
-4471.510681 -2538.115463
-4463.263484 -2556.669991
-4462.812078 -2544.123621
-4459.371463 -2538.191050
-4450.341031 -2555.215210
-4438.011738 -2565.871069
-4437.006484 -2561.177422
-4435.572832 -2556.464888
-4421.302750 -2492.331680
-4345.294406 -2458.390476
-4312.968157 -2452.289202
-4291.288656 -2449.001241
-4269.752002 -2445.833130
-4253.815972 -2443.098633
-4238.041077 -2439.724060
-4222.451869 -2435.340193
-4207.292074 -2429.651855
-4192.783887 -2422.392334
-4183.646875 -2416.286670
-4179.525147 -2412.518962
-4175.610352 -2408.492536
-4180.935156 -2410.385767
-4273.475114 -2437.451457
-4357.089004 -2474.974307
-4349.381562 -2469.491948
-4341.450742 -2464.013994
-4286.911719 -2436.146857
-4226.567269 -2415.903906
-4174.529855 -2393.093657
-4149.887379 -2373.590547
-4135.502702 -2357.524414
-4116.437389 -2331.218950
-4103.845974 -2313.999023
-4096.905952 -2305.676622
-4086.189728 -2293.475616
-4070.611613 -2278.057617
-4057.880176 -2268.100244
-4061.691742 -2272.237061
-4065.191229 -2276.870628
-4071.989941 -2285.611068
-4088.256281 -2306.883201
-4109.433756 -2331.381657
-4097.475578 -2320.968506
-4057.147009 -2279.190930
-4040.468438 -2266.411730
-4043.566569 -2271.207054
-4064.742920 -2294.827081
-4087.000554 -2317.940185
-4090.693335 -2321.864917
-4065.719591 -2302.822340
-4053.191881 -2293.475188
-4068.320985 -2308.608101
-4080.547199 -2318.542947
-4089.023052 -2324.429272
-4079.799150 -2319.774922
-3992.248630 -2255.233674
-3900.956722 -2224.288607
-3933.251306 -2231.703550
-4042.789683 -2301.358110
-3884.355306 -2223.211792
-3916.791232 -2230.079299
-4015.019644 -2287.865933
-3984.976232 -2268.026975
-3931.039788 -2238.384089
-3987.197261 -2274.884399
-3977.887354 -2270.741177
-3968.534341 -2266.716201
-3959.135127 -2262.829575
-3949.675552 -2259.100395
-3940.139468 -2255.545093
-3930.513838 -2252.177954
-3920.786426 -2248.999961
-3910.943149 -2246.005347
-3900.985576 -2243.186133
-3890.918179 -2240.542192
-3880.746011 -2238.081055
-3870.467520 -2235.797690
-3860.090146 -2233.694775
-3849.616504 -2231.769272
-3839.053501 -2230.019448
-3828.418281 -2228.450352
-3817.709766 -2227.045586
-3806.935723 -2225.797720
-3796.108584 -2224.695645
-3785.227158 -2223.725366
-3774.320361 -2222.882471
-3763.374316 -2222.138530
-3752.399810 -2221.484961
-3741.399473 -2220.912612
-3730.383130 -2220.416401
-3719.353506 -2219.992051
-3708.317876 -2219.637256
-3697.290254 -2219.351348
-3686.260547 -2219.125742
-3675.226294 -2218.953638
-3664.187812 -2218.829385
-3653.152007 -2218.749639
-3642.117456 -2218.711460
-3631.088994 -2218.711597
-3620.065420 -2218.746191
-3609.046582 -2218.811733
-3598.032900 -2218.905820
-3587.021309 -2219.025337
-3576.012520 -2219.168672
-3565.007895 -2219.333989
-3554.018413 -2219.517856
-3543.030898 -2219.712588
-3532.050176 -2219.913027
-3521.080405 -2220.121221
-3510.099985 -2220.342090
-3499.115107 -2220.579912
-3488.132495 -2220.834805
-3477.161660 -2221.104844
-3466.190855 -2221.388013
-3455.229102 -2221.683228
-3444.279502 -2221.990684
-3433.345371 -2222.310400
-3422.412720 -2222.641445
-3411.489663 -2222.982285
-3400.577979 -2223.331768
-3389.675405 -2223.687881
-3378.770156 -2224.048501
-3367.876289 -2224.412129
-3356.989526 -2224.778789
-3346.106431 -2225.148809
-3335.224937 -2225.522290
-3324.349321 -2225.899146
-3313.475581 -2226.279219
-3302.611021 -2226.661704
-3291.754126 -2227.046504
-3280.903643 -2227.433335
-3270.062725 -2227.821392
-3259.243223 -2228.209785
-3248.427056 -2228.598965
-3232.200415 -2229.187749
-3188.989349 -2230.797392
-3216.076738 -2229.786938
-3205.300825 -2230.193872
-3194.524385 -2230.604775
-3146.035877 -2232.458065
-3172.966333 -2231.428730
-3162.182168 -2231.839741
-3151.395064 -2232.249561
-3140.601699 -2232.657983
-3129.809668 -2233.064854
-3119.019102 -2233.470068
-3108.226401 -2233.873452
-3097.426050 -2234.275298
-3086.619448 -2234.676143
-3075.806196 -2235.076499
-3064.984380 -2235.476904
-3054.165610 -2235.877451
-3043.339678 -2236.278599
-3032.515391 -2236.679341
-3021.684717 -2237.079282
-3010.842256 -2237.478032
-3000.008457 -2237.875640
-2989.182432 -2238.274063
-2978.356846 -2238.675840
-2967.509224 -2239.084502
-2956.655215 -2239.498311
-2837.142749 -2243.835986
-2913.208342 -2241.124480
-2924.004692 -2240.736567
-2913.092222 -2241.141167
-2902.162119 -2241.539585
-2891.221709 -2241.932017
-2880.286372 -2242.319473
-2869.352978 -2242.703335
-2858.410376 -2243.084575
-2847.467021 -2243.463892
-2836.527383 -2243.842739
-2825.585142 -2244.222354
-2814.644165 -2244.602705
-2803.703887 -2244.983252
-2792.768008 -2245.363149
-2781.846992 -2245.741226
-2770.941528 -2246.117441
-2710.643608 -2248.277522
-2677.607890 -2249.383512
-2738.210439 -2247.264185
-2727.309434 -2247.654023
-2716.390708 -2248.046772
-2661.390782 -2249.959932
-2694.524663 -2248.827349
-2683.563442 -2249.208711
-2672.583989 -2249.582559
-2661.609287 -2249.946899
-2650.632129 -2250.303921
-2639.654722 -2250.657075
-2628.679624 -2251.008711
-2617.703818 -2251.359678
-2606.730620 -2251.709883
-2595.759619 -2252.059507
-2584.786269 -2252.409141
-2573.810454 -2252.759429
-2562.835635 -2253.110688
-2551.870366 -2253.462559
-2540.912290 -2253.814668
-2529.959043 -2254.166562
-2518.995893 -2254.519639
-2508.038892 -2254.874277
-2497.102695 -2255.230571
-2486.151089 -2255.591436
-2475.199180 -2255.955039
-2420.512253 -2257.658104
-2453.288535 -2256.680498
-2442.316099 -2257.037759
-2431.340059 -2257.387812
-2420.376426 -2257.727729
-2409.418823 -2258.059800
-2398.463457 -2258.388579
-2387.504629 -2258.717017
-2376.543472 -2259.046118
-2365.586216 -2259.376606
-2354.630122 -2259.709331
-2343.675474 -2260.044390
-2332.715376 -2260.382051
-2321.750386 -2260.722207
-2310.788225 -2261.064414
-2299.824465 -2261.408433
-2288.870544 -2261.753457
-2277.931738 -2262.100186
-2267.000115 -2262.450322
-2256.079170 -2262.804692
-2245.160435 -2263.165288
-2234.219045 -2263.532808
-2190.198051 -2264.887534
-2212.290081 -2264.274482
-2201.325769 -2264.639644
-2190.353511 -2264.999907
-2179.360117 -2265.356772
-2168.369543 -2265.711328
-2157.379832 -2266.066943
-2146.394067 -2266.425713
-2135.411997 -2266.788447
-2124.430723 -2267.155171
-2113.457156 -2267.526001
-2102.489788 -2267.901270
-2091.522419 -2268.281094
-2080.560161 -2268.665127
-2069.606741 -2269.053154
-2058.656885 -2269.444673
-2047.725574 -2269.837607
-2036.785312 -2270.231450
-2025.859956 -2270.624927
-2014.933799 -2271.019204
-2004.024558 -2271.415015
-1993.118323 -2271.813481
-1982.215217 -2272.214326
-1971.327734 -2272.615400
-1960.434695 -2273.015864
-1949.526106 -2273.414839
-1938.625598 -2273.809131
-1927.726055 -2274.199702
-1916.833096 -2274.588691
-1905.936409 -2274.977681
-1895.029936 -2275.367441
-1884.125012 -2275.758311
-1873.220674 -2276.150537
-1862.313740 -2276.543853
-1851.407927 -2276.937720
-1840.505850 -2277.331865
-1829.604336 -2277.726450
-1818.699385 -2278.121563
-1807.791125 -2278.516943
-1796.879971 -2278.912471
-1785.965637 -2279.307900
-1775.046999 -2279.702749
-1764.124600 -2280.096689
-1753.200928 -2280.489805
-1742.266333 -2280.882593
-1731.315664 -2281.274004
-1720.349116 -2281.662163
-1709.369124 -2282.046064
-1698.385830 -2282.424204
-1687.408938 -2282.796924
-1676.439827 -2283.167061
-1665.475527 -2283.536499
-1654.515647 -2283.905908
-1643.554956 -2284.275913
-1632.600793 -2284.647036
-1621.648899 -2285.019858
-1610.703420 -2285.394355
-1599.759524 -2285.770488
-1588.824770 -2286.147261
-1577.902844 -2286.523413
-1566.977832 -2286.898115
-1556.038005 -2287.271831
-1545.099951 -2287.644922
-1451.693949 -2290.707227
-1523.236667 -2288.398657
-1484.907978 -2289.709956
-1429.794480 -2291.486671
-1490.428926 -2289.544658
-1479.491438 -2289.926348
-1468.547795 -2290.305508
-1457.581094 -2290.680698
-1446.606074 -2291.050864
-1435.627034 -2291.416377
-1424.640813 -2291.777744
-1413.642322 -2292.135752
-1402.637534 -2292.491465
-1391.629827 -2292.846592
-1380.623801 -2293.202549
-1369.612439 -2293.560205
-1358.599736 -2293.919287
-1347.592302 -2294.279033
-1336.580178 -2294.638989
-1325.566946 -2294.998799
-1314.552888 -2295.358716
-1303.532078 -2295.719092
-1292.509896 -2296.079810
-1281.486891 -2296.440703
-1270.464436 -2296.801499
-1259.444733 -2297.161899
-1248.426804 -2297.521611
-1237.410643 -2297.880469
-1226.395287 -2298.238599
-1215.384335 -2298.596270
-1204.375184 -2298.954131
-1193.367567 -2299.312407
-1182.362852 -2299.670674
-1171.364479 -2300.028589
-1160.366108 -2300.386553
-1149.365268 -2300.745044
-1138.365028 -2301.104922
-1127.366808 -2301.467187
-1116.370488 -2301.832197
-1105.386672 -2302.199014
-1094.416837 -2302.566548
-1083.458450 -2302.933550
-1072.487076 -2303.300547
-1061.519425 -2303.667329
-1050.534315 -2304.036191
-1039.555933 -2304.407139
-1028.565773 -2304.780713
-1017.579689 -2305.156323
-1006.611868 -2305.532778
-995.650243 -2305.908721
-984.676025 -2306.280967
-973.696619 -2306.645283
-962.713124 -2307.003560
-951.725953 -2307.359019
-940.731709 -2307.713379
-929.733321 -2308.067695
-918.741866 -2308.422969
-907.754886 -2308.780322
-896.771014 -2309.140210
-885.787908 -2309.502739
-874.810249 -2309.867490
-863.840641 -2310.233594
-852.872705 -2310.600161
-841.917195 -2310.966509
-830.962404 -2311.333613
-820.013212 -2311.702593
-809.073276 -2312.074961
-798.140547 -2312.451333
-787.210863 -2312.831543
-776.281981 -2313.214893
-765.355262 -2313.600859
-754.441318 -2313.988711
-743.530861 -2314.377642
-732.626742 -2314.766084
-721.724525 -2315.153374
-710.836113 -2315.540464
-699.950259 -2315.929561
-689.056559 -2316.322837
-678.147684 -2316.722808
-667.225963 -2317.129058
-656.307015 -2317.538916
-645.394523 -2317.951357
-634.484612 -2318.366377
-623.576014 -2318.783394
-612.665084 -2319.200898
-601.747354 -2319.617388
-590.833141 -2320.031538
-579.914272 -2320.442949
-568.992256 -2320.851528
-558.055671 -2321.258477
-547.105948 -2321.665098
-536.143700 -2322.072979
-525.189222 -2322.481709
-514.224837 -2322.891450
-503.281952 -2323.299897
-492.325234 -2323.708145
-481.382167 -2324.115718
-470.422491 -2324.525864
-459.465584 -2324.939170
-448.521041 -2325.356621
-437.560048 -2325.782422
-426.598544 -2326.215679
-355.398106 -2329.028101
-404.663263 -2327.095454
-393.695860 -2327.538740
-382.725316 -2327.983232
-371.747335 -2328.428423
-360.771709 -2328.873857
-349.793752 -2329.319775
-338.820773 -2329.765874
-327.854807 -2330.210981
-196.115250 -2335.580636
-119.340865 -2338.881805
-86.261275 -2340.038961
-69.855540 -2340.240967
-53.504179 -2340.151538
-37.311033 -2339.620633
-21.174985 -2338.369629
-5.050101 -2336.051130
10.741689 -2332.402507
20.971883 -2328.828003
35.915884 -2322.349609
45.196414 -2316.698633
58.362285 -2306.815430
65.934560 -2298.991272
72.498640 -2290.531860
78.024956 -2281.485230
82.451342 -2271.955383
85.760832 -2262.081299
87.930460 -2251.592590
89.235743 -2235.640381
88.471853 -2230.274658
85.767687 -2214.505697
81.918800 -2204.530924
76.756889 -2195.366211
70.182267 -2186.931396
62.547584 -2179.704671
53.930220 -2173.734619
44.617542 -2169.286947
34.474999 -2166.341960
23.940283 -2165.050212
13.135574 -2165.513509
2.710410 -2167.705892
-7.290322 -2171.565999
-16.659117 -2177.099284
-20.940000 -2180.915466
-24.804681 -2184.909619
-23.922848 -2185.869524
-13.381165 -2183.210826
-30.610493 -2194.311361
-48.074208 -2214.809733
-55.622442 -2228.902100
-49.333172 -2220.022841
-44.779055 -2216.391073
-62.944626 -2248.899972
18.924365 -2239.681599
-57.219841 -2239.840482
-70.020953 -2269.117404
-67.792257 -2264.179687
-56.995135 -2245.876031
-58.746396 -2250.894351
-21.160263 -2229.154706
2.382914 -2256.470859
1.003843 -2257.126831
-0.629728 -2258.018867
-17.595252 -2245.685697
-62.215274 -2272.984429
-79.771228 -2310.912191
-88.449173 -2341.781192
-94.850699 -2367.812657
-99.269291 -2388.888326
-103.787320 -2409.775171
-107.852901 -2425.269613
-111.217850 -2435.480876
-118.686342 -2455.848668
-125.850278 -2470.500448
-131.573021 -2479.663208
-138.092822 -2488.450439
-152.405090 -2504.675293
-156.900012 -2507.856006
-170.508404 -2517.406006
-180.568111 -2522.158142
-191.354694 -2525.840515
-202.438702 -2528.145935
-213.540131 -2529.029053
-224.584343 -2528.491943
-235.410149 -2526.598206
-246.001747 -2523.263611
-260.910370 -2516.299479
-265.059280 -2513.033691
-273.308266 -2506.374756
-276.750043 -2502.449024
-275.872088 -2501.708531
-279.029572 -2497.513123
-273.562944 -2499.350919
-267.608728 -2500.020299
-279.480640 -2490.689190
-307.339050 -2452.968221
-313.147015 -2437.879736
-303.239100 -2457.070623
-192.659883 -2454.619794
-303.700801 -2451.417760
-268.461467 -2477.475762
-191.549355 -2437.080146
-296.228861 -2452.837647
-301.075492 -2444.100226
-269.028967 -2462.805050
-219.769125 -2447.675490
-216.881508 -2440.479360
-221.864480 -2439.841968
-244.595659 -2447.010604
-231.771692 -2437.319585
-236.698219 -2435.435073
-241.605360 -2433.144448
-246.488041 -2430.441543
-251.342137 -2427.325513
-256.163879 -2423.763667
-260.943370 -2419.785435
-265.674057 -2415.396284
-270.347966 -2410.603130
-274.953398 -2405.399614
-279.480379 -2399.756294
-283.921954 -2393.687124
-288.260500 -2387.185562
-292.475912 -2380.254663
-336.604857 -2274.350307
-342.144215 -2215.431037
-343.575649 -2188.704468
-344.637388 -2166.868931
-345.617396 -2150.220121
-346.871462 -2133.392476
-348.563657 -2116.167680
-349.737361 -2110.523478
-351.669535 -2099.161631
-354.839641 -2082.259488
-357.757801 -2071.258378
-362.570444 -2054.897900
-368.513000 -2039.013984
-373.356194 -2028.883206
-378.694946 -2019.062296
-384.523410 -2009.584296
-390.839498 -2000.485758
-400.830276 -1987.327103
-408.338161 -1979.271301
-416.337799 -1971.662476
-424.740654 -1964.615631
-433.604305 -1958.115631
-447.330884 -1949.109898
-457.053432 -1944.170602
-467.128784 -1939.891288
-482.501027 -1934.442200
-487.836121 -1933.571865
-498.439981 -1931.550119
-508.998204 -1930.327218
-514.250618 -1930.466309
-524.783280 -1930.333832
-529.940450 -1931.030952
-540.338311 -1931.930474
-550.608646 -1933.510118
-565.913757 -1936.663498
-575.831322 -1939.848541
-590.517962 -1945.396676
-599.962062 -1950.128505
-609.141218 -1955.512521
-617.983974 -1961.553589
-626.435268 -1968.246425
-634.433943 -1975.571446
-637.907395 -1979.821793
-645.092468 -1987.973206
-648.077989 -1992.610813
-647.149564 -1993.445179
-629.609336 -1981.281329
-600.944053 -1970.061616
-604.230652 -1973.945139
-602.727328 -1976.382050
-596.512122 -1977.802813
-594.953029 -1980.668646
-593.372689 -1983.674184
-614.406715 -1992.805386
-608.179914 -1993.867229
-584.191157 -1993.189991
-617.780391 -2003.970557
-644.815386 -2023.139802
-650.580643 -2031.155718
-659.559564 -2043.099044
-692.234651 -2103.162566
-699.197094 -2129.461319
-598.050114 -2020.462834
-702.009126 -2145.570528
-702.738986 -2151.011163
-616.749378 -2036.146951
-688.434784 -2110.080404
-693.402110 -2125.431864
-678.156294 -2097.653535
-676.479267 -2098.663953
-665.600916 -2088.200337
-649.971761 -2077.103225
-654.848442 -2085.048386
-659.521490 -2093.281809
-707.752439 -2200.380843
-715.899249 -2260.180737
-718.145676 -2287.894804
-720.255471 -2315.729719
-721.877543 -2338.112020
-723.621460 -2360.768237
-725.558919 -2377.835205
-728.328102 -2394.714813
-732.220223 -2411.269810
-735.738246 -2421.800537
-741.874908 -2437.215169
-749.487305 -2451.554346
-755.607227 -2460.262403
-762.354236 -2468.299512
-766.275737 -2471.791138
-770.347953 -2475.055002
-774.568771 -2478.118958
-772.041215 -2473.175138
-773.122469 -2471.984075
-768.782481 -2461.770206
-765.816156 -2450.760114
-767.747643 -2449.084897
-781.690128 -2470.389233
-795.834985 -2485.055027
-793.861282 -2479.599005
-789.663381 -2469.449941
-789.045229 -2463.124922
-786.697121 -2451.991478
-791.057502 -2454.541770
-800.182308 -2465.869614
-804.796296 -2468.089119
-800.033793 -2452.690976
-792.668028 -2427.500423
-789.987705 -2411.104233
-805.013909 -2441.543370
-869.428722 -2514.150110
-925.554203 -2532.721666
-958.296199 -2538.418492
-985.893866 -2541.470792
-1002.505109 -2542.443555
-1019.142653 -2542.803901
-1030.184516 -2542.393446
-1046.696938 -2541.294464
-1057.538490 -2539.609680
-1078.848979 -2535.175456
-1089.078817 -2531.557536
-1103.924219 -2525.149219
-1113.033765 -2519.804199
-1117.065084 -2516.548421
-1125.227071 -2510.196208
-1132.770610 -2503.231120
-1135.233168 -2498.474501
-1138.218921 -2494.273096
-1141.048573 -2489.938321
-1139.965980 -2488.963454
-1142.599348 -2484.461129
-1163.742798 -2455.425184
-1176.118677 -2425.938525
-1177.182292 -2420.732707
-1001.198146 -2502.735537
-1175.698218 -2420.423779
-1173.000037 -2425.097938
-1153.111289 -2454.756514
-1034.353765 -2492.974258
-1172.398065 -2418.968723
-1160.951401 -2435.795339
-1086.142050 -2477.337130
-1065.238434 -2477.886636
-1072.532590 -2473.338667
-1079.645100 -2468.486006
-1086.569229 -2463.326328
-1093.302383 -2457.901436
-1099.844847 -2452.220122
-1106.192816 -2446.286489
-1112.354620 -2440.069561
-1172.893048 -2383.389153
-1189.839651 -2333.999042
-1196.306774 -2296.404750
-1201.732483 -2258.152924
-1203.278900 -2247.357849
-1204.886185 -2236.666016
-1206.628456 -2225.948914
-1210.015686 -2204.579433
-1214.629290 -2183.740670
-1217.365252 -2173.337507
-1220.433384 -2162.913818
-1225.231145 -2147.351093
-1229.182044 -2137.079364
-1233.529860 -2126.862042
-1238.250188 -2116.871338
-1243.378747 -2106.982722
-1248.919753 -2097.210562
-1257.569580 -2082.637441
-1264.129700 -2073.322113
-1274.306729 -2059.648071
-1285.319446 -2046.772241
-1289.562211 -2043.112493
-1297.690263 -2035.432451
-1306.124257 -2028.168324
-1310.744141 -2025.110229
-1319.602875 -2018.496785
-1328.733429 -2012.317352
-1338.120656 -2006.588745
-1352.449996 -1998.400024
-1362.413885 -1993.840254
-1377.585486 -1987.482080
-1387.967920 -1984.153980
-1398.492053 -1981.332654
-1409.145886 -1979.024622
-1414.586049 -1978.533137
-1419.998352 -1978.214925
-1430.727315 -1976.950724
-1446.884788 -1975.508756
-1457.683050 -1975.537842
-1468.461537 -1976.088856
-1484.625684 -1977.460181
-1495.269690 -1979.315527
-1511.102281 -1982.660116
-1521.395345 -1985.789429
-1531.546359 -1989.444526
-1536.383826 -1991.897327
-1546.203845 -1996.336609
-1550.786310 -1999.186368
-1560.201660 -2004.351440
-1574.063879 -2012.585156
-1582.727270 -2018.938733
-1591.059692 -2025.741870
-1599.024695 -2032.974158
-1606.604883 -2040.599390
-1613.778345 -2048.591052
-1616.835860 -2053.018943
-1615.994094 -2053.705266
-1615.028605 -2054.497258
-1609.969245 -2051.864631
-1608.736664 -2052.949915
-1615.426984 -2060.971466
-1628.974772 -2077.114624
-1637.779175 -2090.323314
-1651.023525 -2113.434937
-1663.314307 -2143.263721
-1666.199463 -2153.615625
-1524.193945 -2041.377297
-1663.030086 -2148.830566
-1621.808271 -2088.234552
-1546.732302 -2053.754473
-1621.821253 -2094.431472
-1643.628877 -2122.639670
-1642.026450 -2123.534810
-1630.476651 -2112.838823
-1606.015464 -2095.090002
-1587.394277 -2087.761150
-1593.515100 -2094.521406
-1611.262160 -2109.565437
-1675.333349 -2218.060760
-1682.562086 -2260.705268
-1686.077584 -2293.412859
-1687.248762 -2304.468541
-1689.526469 -2326.820028
-1691.963696 -2349.172461
-1695.296677 -2371.122314
-1699.204938 -2387.957763
-1702.827950 -2399.013846
-1709.119792 -2415.230387
-1717.069287 -2430.453662
-1723.526929 -2439.670117
-1734.291779 -2452.343323
-1742.446076 -2459.376098
-1751.199249 -2465.379455
-1760.597015 -2470.373413
-1770.450104 -2474.283630
-1780.677735 -2477.086304
-1791.234558 -2478.736267
-1801.894501 -2479.176209
-1812.525391 -2478.430054
-1822.961090 -2476.486023
-1833.133423 -2473.239075
-1847.396728 -2466.538249
-1856.029826 -2460.226237
-1859.823059 -2456.151062
-1863.217773 -2451.964941
-1858.046158 -2454.235931
-1847.734446 -2457.371195
-1836.900246 -2457.737686
-1840.332807 -2454.191220
-1883.213608 -2420.894501
-1896.549438 -2392.451782
-1893.912876 -2397.144566
-1806.631691 -2434.889458
-1870.935465 -2424.850450
-1771.742495 -2382.308633
-1794.409781 -2410.593570
-1886.529656 -2399.021091
-1888.031333 -2393.874486
-1861.458452 -2413.772330
-1797.631305 -2393.035839
-1800.057305 -2390.528369
-1804.768503 -2390.370142
-1809.477998 -2389.781328
-1814.187139 -2388.751416
-1818.897424 -2387.281567
-1823.609062 -2385.365469
-1828.322583 -2383.040371
-1833.034180 -2380.300400
-1837.738943 -2377.153242
-1842.425608 -2373.562031
-1847.084036 -2369.535273
-1851.702439 -2365.068125
-1856.269058 -2360.168618
-1860.770288 -2354.837686
-1865.192930 -2349.088569
-1869.520456 -2342.930439
-1873.734243 -2336.326758
-1877.820959 -2329.296196
-1881.764211 -2321.859814
-1885.552144 -2314.038677
-1889.170518 -2305.850508
-1892.608298 -2297.321436
-1895.852773 -2288.471101
-1898.888533 -2279.321868
-1901.716582 -2269.897964
-1904.332632 -2260.225354
-1906.728042 -2250.327844
-1908.905847 -2240.231555
-1910.877659 -2229.963911
-1912.652141 -2219.546023
-1914.225869 -2209.011619
-1915.634971 -2198.374023
-1916.883779 -2187.664766
-1917.985618 -2176.920605
-1918.972803 -2166.126633
-1919.855564 -2155.295029
-1920.638784 -2144.434192
-1921.327405 -2133.551096
-1921.931682 -2122.637395
-1922.463052 -2111.699636
-1922.944714 -2100.742451
-1923.389981 -2089.777048
-1923.793628 -2078.809863
-1924.146104 -2067.855193
-1924.447114 -2056.904946
-1924.698367 -2045.967102
-1924.909255 -2035.035190
-1926.190864 -1947.417623
-1925.220534 -1835.801602
-1924.678569 -1792.351807
-1924.708762 -1776.213246
-1925.002686 -1760.152246
-1925.716512 -1744.172133
-1927.081451 -1728.289612
-1928.755890 -1717.772995
-1931.938616 -1702.001430
-1936.500529 -1686.667948
-1940.634359 -1676.831095
-1947.785889 -1662.671314
-1953.777856 -1653.866748
-1960.543115 -1645.690015
-1971.892609 -1634.439728
-1980.616913 -1628.165405
-1989.863098 -1622.936096
-1999.566315 -1618.775513
-2009.584930 -1615.766144
-2019.841766 -1613.968384
-2030.220398 -1613.397156
-2040.593201 -1614.090149
-2050.736145 -1616.039185
-2060.508820 -1619.264923
-2069.987793 -1623.866760
-2078.831543 -1629.636200
-2087.082032 -1636.602478
-2090.527735 -1640.688013
-2089.727923 -1641.553484
-2075.469605 -1635.354411
-2064.948052 -1635.130425
-2068.433702 -1638.765194
-2062.596777 -1641.035352
-2056.993058 -1644.327626
-2069.059337 -1648.358448
-2076.476146 -1653.198997
-2083.621210 -1658.785445
-2090.459173 -1665.085549
-2092.946427 -1669.626884
-2099.282227 -1676.765025
-2097.607402 -1678.956055
-2087.915931 -1677.668251
-2059.908364 -1679.215322
-2036.657715 -1696.440420
-2036.873364 -1701.483782
-2041.594824 -1702.284541
-2046.346819 -1703.521394
-2051.128662 -1705.198633
-2055.938752 -1707.313408
-2060.774929 -1709.860352
-2065.633137 -1712.833645
-2070.506077 -1716.242275
-2075.383225 -1720.092813
-2080.251885 -1724.376238
-2085.100474 -1729.094732
-2089.914106 -1734.247503
-2094.680569 -1739.823689
-2099.386453 -1745.820012
-2104.014705 -1752.235938
-2108.552285 -1759.058047
-2112.977139 -1766.280989
-2117.279109 -1773.885532
-2121.434985 -1781.862217
-2125.433069 -1790.192808
-2129.256575 -1798.857053
-2132.893560 -1807.835584
-2136.341011 -1817.102856
-2139.592046 -1826.637778
-2142.641050 -1836.413911
-2145.482205 -1846.405813
-2148.122158 -1856.587559
-2150.564790 -1866.936128
-2152.822930 -1877.425171
-2154.902388 -1888.026753
-2156.804043 -1898.711406
-2158.558604 -1909.464929
-2160.174580 -1920.256304
-2161.676821 -1931.100994
-2163.068882 -1941.978767
-2164.361001 -1952.865430
-2165.559316 -1963.747730
-2166.681050 -1974.648293
-2167.731499 -1985.575762
-2168.709478 -1996.515068
-2169.618354 -2007.461541
-2170.462368 -2018.420762
-2171.244429 -2029.386277
-2171.967119 -2040.366565
-2172.635327 -2051.351133
-2173.255244 -2062.342649
-2176.500087 -2117.320841
-2179.901972 -2231.735628
-2180.767883 -2280.694046
-2181.232997 -2302.486607
-2181.920810 -2330.103338
-2182.693848 -2346.888306
-2183.935249 -2363.633843
-2185.937470 -2380.177704
-2188.101257 -2390.962158
-2192.023612 -2406.957485
-2195.692418 -2417.287842
-2202.077433 -2432.408000
-2210.116211 -2446.756836
-2216.617432 -2455.496338
-2227.418091 -2467.540222
-2235.592896 -2474.239746
-2244.391235 -2479.972534
-2253.688721 -2484.634522
-2263.500122 -2488.228577
-2273.708618 -2490.708740
-2284.203675 -2492.019775
-2294.837341 -2492.116455
-2305.342956 -2490.944641
-2320.630127 -2487.140218
-2330.241862 -2482.525879
-2339.319255 -2476.346354
-2343.331604 -2472.304871
-2346.897119 -2468.141602
-2345.945836 -2467.247105
-2340.376807 -2468.690064
-2334.412579 -2468.916297
-2323.641774 -2468.866426
-2345.071952 -2458.725952
-2378.962842 -2413.875781
-2382.304150 -2404.093115
-2261.474038 -2410.882213
-2365.724430 -2430.584912
-2360.635322 -2432.945936
-2264.571279 -2396.524331
-2370.924235 -2415.531806
-2380.426926 -2396.974716
-2360.810628 -2419.843292
-2314.019576 -2427.347104
-2286.787935 -2403.112231
-2291.303770 -2403.130049
-2295.839829 -2402.724482
-2300.395767 -2401.897397
-2324.922102 -2408.447430
-2333.422747 -2404.600848
-2314.167402 -2396.816636
-2318.782114 -2394.250317
-2323.399150 -2391.253032
-2328.010225 -2387.828980
-2332.604922 -2383.971367
-2337.172676 -2379.690762
-2341.700742 -2374.986148
-2346.176953 -2369.866440
-2350.587617 -2364.335171
-2354.916099 -2358.391416
-2359.148657 -2352.047031
-2363.266592 -2345.271577
-2367.256504 -2338.116978
-2371.105024 -2330.601260
-2374.795059 -2322.704429
-2378.316123 -2314.443965
-2381.655811 -2305.845957
-2384.802275 -2296.926335
-2387.748330 -2287.716782
-2390.482720 -2278.235383
-2393.002783 -2268.508591
-2395.305615 -2258.564490
-2397.395903 -2248.428438
-2399.283750 -2238.129204
-2400.981133 -2227.690864
-2402.488438 -2217.153835
-2403.824751 -2206.550857
-2405.012158 -2195.901519
-2406.080664 -2185.204456
-2407.042949 -2174.468069
-2407.906094 -2163.700269
-2408.680898 -2152.896626
-2409.371226 -2142.062412
-2409.983179 -2131.207280
-2410.534126 -2120.337502
-2411.045015 -2109.448760
-2411.515264 -2098.561965
-2411.933184 -2087.688945
-2412.296724 -2076.809890
-2412.603013 -2065.934568
-2412.863081 -2055.049622
-2413.084199 -2044.159648
-2414.414615 -1946.097987
-2413.377319 -1845.552219
-2412.832651 -1807.351469
-2412.781657 -1791.116628
-2412.937655 -1774.949596
-2413.424976 -1758.864807
-2414.435710 -1742.887384
-2416.259735 -1726.961869
-2419.214774 -1711.143869
-2423.502238 -1695.731384
-2427.460693 -1685.775492
-2434.430615 -1671.264673
-2440.278320 -1662.244873
-2446.894922 -1653.825781
-2457.911133 -1642.236908
-2462.236035 -1639.235986
-2475.111145 -1630.270508
-2484.362427 -1625.780426
-2494.032837 -1622.289307
-2503.984497 -1619.860810
-2514.185363 -1618.505768
-2524.470398 -1618.260468
-2534.730346 -1619.202667
-2544.950378 -1621.415558
-2554.843140 -1624.861999
-2564.425110 -1629.624634
-2573.397827 -1635.587555
-2577.360889 -1639.476709
-2585.236963 -1647.154883
-2584.419992 -1647.951939
-2574.528342 -1643.444336
-2573.314416 -1645.271325
-2576.529471 -1649.455828
-2575.141434 -1651.509049
-2560.237386 -1650.022217
-2554.531402 -1652.808919
-2557.615498 -1656.446987
-2560.573561 -1660.208027
-2559.225446 -1663.693468
-2566.141305 -1668.073787
-2576.993788 -1674.409727
-2583.436514 -1680.532647
-2573.691721 -1680.612104
-2553.296804 -1683.570743
-2534.169370 -1695.788919
-2529.201860 -1704.740354
-2533.997007 -1705.658232
-2538.823140 -1707.018005
-2543.677817 -1708.812881
-2548.557808 -1711.039500
-2553.457915 -1713.696821
-2558.370669 -1716.793301
-2563.286001 -1720.327271
-2568.193462 -1724.296343
-2573.082520 -1728.697510
-2577.940571 -1733.527458
-2582.755288 -1738.783835
-2587.510342 -1744.463096
-2592.189829 -1750.562363
-2596.779556 -1757.066174
-2601.259888 -1763.972041
-2605.617012 -1771.266523
-2609.834761 -1778.937522
-2613.897534 -1786.967043
-2617.795679 -1795.331904
-2621.515566 -1804.017673
-2625.053652 -1812.999861
-2628.403174 -1822.255181
-2631.553203 -1831.769277
-2634.501055 -1841.515718
-2637.245962 -1851.476597
-2639.794531 -1861.625032
-2642.144853 -1871.935330
-2644.295820 -1882.378401
-2646.269727 -1892.932124
-2648.071582 -1903.565637
-2649.722622 -1914.263911
-2651.230093 -1924.996555
-2652.611460 -1935.752913
-2653.895664 -1946.539524
-2655.088047 -1957.363447
-2659.035438 -1989.914835
-2657.217935 -1979.020254
-2658.179263 -1989.866499
-2659.079858 -2000.734758
-2659.920610 -2011.612092
-2660.704448 -2022.496025
-2661.434106 -2033.394666
-2662.111279 -2044.303330
-2662.739106 -2055.216616
-2663.322090 -2066.130352
-2663.864331 -2077.054084
-2664.708491 -2093.459585
-2669.656409 -2245.669200
-2670.422513 -2283.530572
-2671.104671 -2310.615267
-2672.039418 -2343.382324
-2672.653520 -2354.305398
-2673.491056 -2365.184437
-2674.957593 -2381.478150
-2677.819733 -2402.839111
-2680.256165 -2413.176422
-2684.596924 -2428.700370
-2688.519706 -2438.827497
-2695.240153 -2453.625447
-2703.520312 -2467.481250
-2713.466674 -2480.208008
-2717.391797 -2483.581836
-2725.248877 -2490.351172
-2733.737207 -2496.247607
-2742.833398 -2501.276611
-2757.191101 -2507.441284
-2767.328125 -2510.034241
-2777.540772 -2511.486756
-2787.769714 -2511.756164
-2798.004822 -2510.860108
-2808.041809 -2508.791626
-2817.922241 -2505.529114
-2827.377686 -2501.141724
-2836.452149 -2495.468445
-2844.741333 -2488.825195
-2848.200439 -2484.894483
-2851.400919 -2480.775309
-2850.447540 -2479.958618
-2845.151034 -2481.773304
-2839.513131 -2482.519775
-2842.513167 -2478.442773
-2878.187052 -2435.948974
-2883.761963 -2420.911328
-2816.093130 -2475.186251
-2818.940448 -2471.571985
-2850.753837 -2458.671898
-2762.532671 -2422.093325
-2767.122524 -2423.892510
-2870.642065 -2431.101721
-2872.177606 -2426.015927
-2845.358553 -2444.049544
-2798.471012 -2437.196115
-2790.470000 -2426.319209
-2795.205986 -2425.478599
-2799.963657 -2424.182671
-2804.737168 -2422.452095
-2809.522007 -2420.289517
-2814.311582 -2417.704082
-2819.099268 -2414.717505
-2823.875532 -2411.315605
-2828.629785 -2407.501724
-2833.350400 -2403.270972
-2838.026191 -2398.621978
-2842.643984 -2393.559341
-2847.195386 -2388.061860
-2851.664087 -2382.168818
-2856.033672 -2375.843311
-2860.284634 -2369.090557
-2864.405815 -2361.928975
-2868.387026 -2354.379023
-2872.215059 -2346.464482
-2875.874854 -2338.200142
-2879.354253 -2329.599536
-2882.638340 -2320.687856
-2885.719463 -2311.480464
-2888.601191 -2302.007427
-2891.273291 -2292.288347
-2893.742524 -2282.349424
-2896.005933 -2272.218271
-2898.068125 -2261.917749
-2899.935400 -2251.470225
-2901.611362 -2240.899209
-2903.114595 -2230.227615
-2904.445942 -2219.491184
-2905.643872 -2208.687153
-2906.719785 -2197.831458
-2907.685493 -2186.937354
-2908.550542 -2176.010837
-2909.323267 -2165.058464
-2910.009106 -2154.087234
-2910.618242 -2143.091077
-2911.166802 -2132.079465
-2911.671177 -2121.074565
-2912.134565 -2110.093809
-2912.558320 -2099.100273
-2912.937192 -2088.091245
-2913.264165 -2077.091318
-2913.544106 -2066.086011
-2913.782568 -2055.080320
-2913.986333 -2044.082942
-2915.126747 -1899.505874
-2914.199300 -1828.214844
-2913.873128 -1801.094208
-2913.911577 -1784.916637
-2914.234473 -1768.800830
-2915.011827 -1752.793511
-2916.511414 -1736.853912
-2919.061872 -1720.962542
-2922.949259 -1705.376750
-2926.648763 -1695.323954
-2933.245264 -1680.651514
-2938.884912 -1671.531055
-2945.326758 -1662.985547
-2952.542432 -1655.150342
-2964.445618 -1644.649811
-2973.270508 -1639.050507
-2982.571594 -1634.456574
-2992.177246 -1630.930481
-3002.038879 -1628.504273
-3012.218445 -1627.171845
-3022.474304 -1626.969757
-3032.752868 -1627.913239
-3042.805847 -1630.010071
-3052.485840 -1633.280487
-3061.896118 -1637.805816
-3070.740723 -1643.426574
-3074.722217 -1647.074292
-3082.679981 -1654.338135
-3089.835889 -1662.357764
-3080.961019 -1656.298977
-3066.450684 -1650.965777
-3060.603688 -1651.924137
-3063.882365 -1655.589898
-3053.596990 -1656.945129
-3052.411082 -1660.218516
-3059.843760 -1664.147013
-3067.080159 -1668.819392
-3074.078705 -1674.200144
-3076.680176 -1678.484692
-3079.176054 -1682.860610
-3085.564068 -1689.305030
-3091.668175 -1696.337675
-3082.144442 -1694.653853
-3061.292738 -1694.104872
-3046.765625 -1700.801721
-3032.864995 -1713.437295
-3037.660049 -1714.737822
-3042.484224 -1716.479888
-3047.335127 -1718.655261
-3052.209849 -1721.260789
-3057.102978 -1724.305991
-3062.005698 -1727.790671
-3066.906968 -1731.716150
-3071.795151 -1736.074966
-3076.658169 -1740.867163
-3081.482651 -1746.089072
-3086.251602 -1751.739309
-3090.951079 -1757.809236
-3095.563203 -1764.295813
-3100.067847 -1771.192349
-3104.450591 -1778.479316
-3108.694458 -1786.144133
-3112.786152 -1794.170124
-3116.710605 -1802.536289
-3120.453833 -1811.224158
-3124.013940 -1820.212202
-3127.382275 -1829.479922
-3130.557827 -1839.001587
-3133.530835 -1848.757537
-3136.294502 -1858.722859
-3138.859810 -1868.876472
-3141.230044 -1879.191565
-3143.415186 -1889.648684
-3145.420205 -1900.218540
-3147.247617 -1910.877690
-3148.924204 -1921.609045
-3150.457158 -1932.388018
-3151.861182 -1943.196746
-3153.164175 -1954.051069
-3154.368184 -1964.909395
-3163.081482 -2053.228675
-3161.357654 -2030.980472
-3157.541323 -1997.699202
-3164.858384 -2097.124548
-3159.907755 -2025.222609
-3160.100654 -2030.701604
-3160.823174 -2041.718711
-3161.487114 -2052.738530
-3162.096865 -2063.757825
-3162.658740 -2074.777458
-3163.178843 -2085.799922
-3167.501440 -2206.505257
-3168.829821 -2277.397075
-3169.430923 -2304.864044
-3170.179857 -2332.508507
-3170.892556 -2354.596702
-3171.653897 -2365.583674
-3173.013232 -2382.065576
-3175.728485 -2403.939453
-3178.126617 -2414.587585
-3182.409773 -2430.358259
-3190.145459 -2450.841651
-3195.368164 -2460.286768
-3201.330420 -2469.170899
-3207.966943 -2477.295313
-3215.211963 -2484.596485
-3219.333862 -2487.627971
-3223.579101 -2490.425921
-3224.264567 -2489.484457
-3218.643498 -2480.262771
-3210.033781 -2460.816458
-3201.319083 -2424.728411
-3196.010851 -2382.012291
-3194.619868 -2354.590289
-3211.850862 -2434.733454
-3242.481250 -2491.087280
-3254.355777 -2500.372186
-3245.564270 -2487.681620
-3232.782043 -2460.229126
-3228.172479 -2439.741346
-3233.864039 -2447.047061
-3239.838103 -2454.091437
-3238.768799 -2442.854085
-3238.043844 -2431.450747
-3237.621387 -2419.943433
-3243.082754 -2427.139512
-3248.759653 -2434.138179
-3254.652427 -2440.938770
-3260.763735 -2447.531982
-3267.088608 -2453.932197
-3273.626699 -2460.119795
-3280.369770 -2466.103291
-3287.321289 -2471.873418
-3294.486284 -2477.424194
-3301.865625 -2482.765356
-3309.460527 -2487.894453
-3317.275327 -2492.807681
-3325.315908 -2497.505972
-3392.831027 -2536.372871
-3483.984642 -2551.495175
-3527.835189 -2554.269678
-3549.803185 -2554.942721
-3571.812078 -2555.155029
-3593.902778 -2554.727241
-3610.475891 -2553.572907
-3621.314758 -2552.069611
-3637.349400 -2549.183803
-3647.706857 -2546.285121
-3662.780680 -2541.142863
-3672.261271 -2536.607585
-3681.445597 -2531.223429
-3694.463818 -2522.198193
-3698.147013 -2518.406169
-3701.585519 -2514.479597
-3704.813507 -2510.407928
-3707.845188 -2506.208442
-3710.700659 -2501.879736
-3709.627462 -2500.981262
-3708.403094 -2499.919015
-3721.678080 -2484.412069
-3743.201709 -2443.072412
-3745.891602 -2432.999072
-3732.940542 -2461.399057
-3573.491064 -2521.657305
-3724.134637 -2468.293226
-3740.829538 -2436.851528
-3720.614449 -2465.951129
-3606.900332 -2507.977554
-3732.479059 -2444.111262
-3740.763672 -2425.459033
-3705.247485 -2465.732599
-3637.291934 -2490.243691
-3644.386533 -2485.178599
-3651.276206 -2479.858364
-3657.961572 -2474.316250
-3664.439458 -2468.524102
-3670.710815 -2462.476836
-3676.774336 -2456.176963
-3682.624946 -2449.629585
-3688.264702 -2442.836045
-3693.689126 -2435.796572
-3698.902393 -2428.533237
-3717.811534 -2409.370101
-3758.088153 -2313.679579
-3743.842010 -2363.784292
-3717.564717 -2397.286084
-3721.674941 -2388.903120
-3725.558462 -2380.287510
-3729.213232 -2371.439614
-3732.647158 -2362.365093
-3735.863975 -2353.074531
-3738.862856 -2343.573896
-3741.640024 -2333.876323
-3744.204629 -2323.995186
-3746.561812 -2313.945537
-3748.718008 -2303.738179
-3750.674878 -2293.387324
-3752.442334 -2282.905254
-3754.038843 -2272.298157
-3755.461899 -2261.598484
-3756.711816 -2250.832583
-3757.823770 -2239.992280
-3758.807466 -2229.094934
-3759.676489 -2218.143076
-3760.439795 -2207.150334
-3761.107324 -2196.119683
-3761.686826 -2185.057415
-3762.186929 -2173.969482
-3762.614438 -2162.861045
-3762.980610 -2151.726135
-3763.304204 -2140.568520
-3763.604243 -2129.405303
-3763.889658 -2118.225017
-3764.159121 -2107.039900
-3764.404580 -2095.867593
-3764.619678 -2084.687253
-3764.798369 -2073.505808
-3764.942246 -2062.317744
-3765.056221 -2051.122537
-3765.144995 -2039.921623
-3765.211440 -2028.728704
-3765.258042 -2017.542581
-3765.287022 -2006.361160
-3765.299326 -1995.187380
-3765.297852 -1983.995676
-3765.281821 -1972.817136
-3765.251963 -1961.660410
-3765.209414 -1950.523926
-3765.155713 -1939.404993
-3765.092197 -1928.300613
-3765.020098 -1917.212466
-3764.941353 -1906.121252
-3764.858560 -1895.017895
-3764.776001 -1883.917576
-3764.696133 -1872.807407
-3764.618735 -1861.710181
-3764.541753 -1850.620544
-3764.463105 -1839.543899
-3764.381069 -1828.481484
-3764.294888 -1817.435776
-3764.204722 -1806.402490
-3764.111377 -1795.386184
-3764.015693 -1784.378992
-3763.917895 -1773.384788
-3763.817559 -1762.399573
-3763.714292 -1751.423496
-3763.608135 -1740.460979
-3763.499067 -1729.512436
-3763.387246 -1718.578005
-3763.273296 -1707.652019
-3763.157827 -1696.731157
-3763.041323 -1685.817346
-3762.924004 -1674.906440
-3762.805986 -1664.002307
-3762.687222 -1653.095420
-3762.567808 -1642.195168
-3762.447612 -1631.300171
-3762.326665 -1620.408772
-3762.204907 -1609.520005
-3762.082192 -1598.636357
-3761.958633 -1587.754790
-3761.834443 -1576.874749
-3761.709775 -1565.997200
-3761.584658 -1555.123523
-3761.458945 -1544.255930
-3761.332388 -1533.395530
-3761.204761 -1522.538596
-3761.075913 -1511.682922
-3760.945845 -1500.828508
-3760.814624 -1489.979358
-3760.681968 -1479.130093
-3760.547524 -1468.277126
-3760.409912 -1457.420344
-3760.006050 -1424.896909
-3758.433312 -1305.358215
-3757.473216 -1245.390733
-3756.695651 -1212.813139
-3755.841930 -1191.048007
-3755.051425 -1180.174916
-3754.002086 -1169.290716
-3751.691976 -1147.484578
-3749.669434 -1136.817668
-3746.142029 -1121.076615
-3742.832275 -1110.849594
-3739.000794 -1100.882034
-3741.002279 -1111.589549
-3739.894967 -1112.120483
-3739.739502 -1117.969698
-3740.200126 -1129.161441
-3742.232204 -1156.215110
-3742.918364 -1178.038813
-3737.258789 -1141.480067
-3727.920644 -1100.455877
-3722.141923 -1085.901389
-3722.077490 -1091.729087
-3720.444083 -1092.519502
-3718.759286 -1093.329819
-3718.303207 -1099.229210
-3716.507863 -1100.073712
-3714.673937 -1100.936357
-3712.804874 -1101.816210
-3710.904981 -1102.720569
-3711.244657 -1113.790418
-3708.176123 -1109.657723
-3705.043871 -1105.572700
-3697.966958 -1086.549262
-3688.364812 -1063.042588
-3686.450326 -1064.096142
-3691.914141 -1089.691825
-3687.086421 -1080.906809
-3682.073745 -1072.233123
-3676.874473 -1063.670356
-3671.489526 -1055.220929
-3665.917515 -1046.886053
-3660.156270 -1038.661515
-3654.206191 -1030.549883
-3648.064307 -1022.552505
-3641.734790 -1014.671017
-3635.217544 -1006.905182
-3628.509048 -999.253452
-3621.612065 -991.720605
-3614.524727 -984.312377
-3607.250986 -977.031726
-3599.788286 -969.876853
-3592.143340 -962.854310
-3584.323315 -955.958489
-3576.336606 -949.181681
-3568.190620 -942.519525
-3559.896865 -935.973806
-3551.469150 -929.552603
-3542.912964 -923.239645
-3534.240884 -917.032877
-3525.461152 -910.918286
-3516.601025 -904.916480
-3507.655869 -898.995376
-3498.634038 -893.152422
-3489.543311 -887.384740
-3480.390054 -881.692116
-3471.176079 -876.068601
-3461.905439 -870.514856
-3452.587114 -865.035309
-3443.221216 -859.625482
-3433.811587 -854.281932
-3424.359253 -848.999216
-3414.873208 -843.779185
-3405.352456 -838.615691
-3395.795894 -833.504824
-3386.210034 -828.446744
-3376.597524 -823.439658
-3366.961411 -818.482013
-3357.304536 -813.571887
-3347.623052 -808.704276
-3337.921728 -803.878644
-3328.203320 -799.094397
-3318.463477 -794.347581
-3308.709111 -789.639390
-3298.938325 -784.967050
-3289.150210 -780.326908
-3279.350537 -775.720295
-3269.534458 -771.143276
-3259.706729 -766.596281
-3249.867188 -762.078114
-3240.010117 -757.585105
-3230.140825 -753.118280
-3220.259951 -748.677252
-3210.369141 -744.262035
-3200.472886 -739.874644
-3190.562861 -735.511293
-3180.643574 -731.173596
-3170.715503 -726.862045
-3160.777876 -722.575568
-3150.829419 -718.313883
-3140.866768 -714.075282
-3130.897588 -709.863475
-3120.918355 -705.677482
-3110.930024 -701.517756
-3100.932549 -697.384656
-3090.925391 -693.278630
-3080.908745 -689.199835
-3070.881279 -685.148181
-3060.842905 -681.124559
-3050.794932 -677.130089
-3040.739209 -673.166072
-3030.671167 -669.232074
-3020.597163 -665.330641
-3010.506191 -661.459285
-3000.403086 -657.619996
-2990.292568 -653.815409
-2980.171191 -650.044719
-2970.040552 -646.308542
-2959.899883 -642.606375
-2949.748579 -638.938519
-2939.587754 -635.304978
-2929.416963 -631.705254
-2919.230898 -628.137274
-2909.033486 -624.601647
-2898.823208 -621.098269
-2888.600083 -617.626362
-2878.369497 -614.187357
-2868.123179 -610.779248
-2857.863218 -607.402393
-2847.594731 -604.058931
-2837.312349 -600.746853
-2827.016821 -597.465875
-2816.711235 -594.216985
-2806.394346 -590.998528
-2796.067202 -587.811089
-2785.727983 -584.653812
-2775.378633 -581.526785
-2765.023701 -578.430978
-2754.656743 -575.363681
-2744.281143 -572.325239
-2733.899219 -569.316151
-2723.509810 -566.334640
-2713.110801 -563.379180
-2702.702192 -560.448462
-2692.284951 -557.541865
-2681.861260 -554.659965
-2671.422959 -551.799923
-2660.977910 -548.964122
-2650.524575 -546.152247
-2640.067510 -543.365742
-2629.603740 -540.603779
-2619.132236 -537.865228
-2608.656230 -535.150595
-2598.170918 -532.458401
-2587.680933 -529.789251
-2577.184565 -527.142943
-2566.682373 -524.519354
-2556.173130 -521.918084
-2545.661411 -519.339970
-2535.143555 -516.783601
-2524.622446 -514.248630
-2514.095503 -511.734404
-2503.555518 -509.238155
-2493.017617 -506.763334
-2482.475352 -504.307648
-2471.929224 -501.870529
-2461.374751 -499.451350
-2450.817661 -497.051112
-2440.256274 -494.669243
-2429.691465 -492.305781
-2419.120347 -489.959891
-2408.541206 -487.631205
-2397.960796 -485.321293
-2387.375220 -483.029396
-2376.786792 -480.756659
-2366.196626 -478.503266
-2355.597480 -476.267568
-2344.997832 -474.051707
-2334.394399 -471.855428
-2323.784775 -469.679076
-2313.175405 -467.524560
-2302.561431 -465.391923
-2291.941228 -463.281945
-2281.319192 -461.195481
-2270.698525 -459.133730
-2260.072825 -457.096004
-2249.442456 -455.082221
-2238.805376 -453.092449
-2228.165444 -451.128145
-2217.521636 -449.189755
-2206.873396 -447.278187
-2196.219150 -445.393691
-2185.562622 -443.538203
-2174.901121 -441.712092
-2164.235906 -439.915680
-2153.562800 -438.149175
-2142.889993 -436.414020
-2132.213333 -434.708789
-2121.531643 -433.032698
-2110.845112 -431.384941
-2100.157087 -429.765849
-2089.463245 -428.174900
-2078.763555 -426.611744
-2068.059573 -425.076531
-2057.349023 -423.568101
-2046.634438 -422.086749
-2035.914214 -420.631492
-2025.194089 -419.202513
-2014.468706 -417.798665
-2003.741033 -416.419954
-1993.005637 -415.064730
-1982.265703 -413.733320
-1971.526379 -412.425940
-1960.781453 -411.141555
-1950.032844 -409.879708
-1939.276992 -408.639285
-1928.523076 -407.421619
-1917.766606 -406.226338
-1907.006987 -405.054279
-1896.243789 -403.906112
-1885.482551 -402.782469
-1874.720664 -401.683473
-1863.955754 -400.608367
-1853.189541 -399.557062
-1842.423535 -398.530081
-1831.654504 -397.526999
-1820.882305 -396.548433
-1810.106704 -395.594622
-1799.328340 -394.665673
-1788.550071 -393.761541
-1777.765471 -392.880590
-1766.980305 -392.022645
-1756.199914 -391.187556
-1745.416062 -390.373463
-1734.622768 -389.579298
-1723.830962 -388.805447
-1713.037427 -388.051117
-1702.240051 -387.315483
-1691.441418 -386.597808
-1680.642007 -385.897799
-1669.844324 -385.215742
-1659.043586 -384.551227
-1648.241086 -383.903831
-1637.436467 -383.273160
-1626.630215 -382.658586
-1615.824275 -382.060497
-1605.017312 -381.478707
-1594.208940 -380.913519
-1583.402627 -380.365584
-1572.594109 -379.835399
-1561.782021 -379.323374
-1550.968464 -378.829924
-1540.156645 -378.355308
-1529.345051 -377.900125
-1518.533716 -377.464317
-1507.722253 -377.048273
-1496.913318 -376.652409
-1486.100593 -376.276711
-1475.286291 -375.921414
-1464.469460 -375.586272
-1453.654109 -375.271135
-1442.840081 -374.976523
-1432.026721 -374.702143
-1421.217930 -374.448505
-1410.404487 -374.215906
-1399.589729 -374.004248
-1388.770102 -373.813476
-1377.949944 -373.643176
-1367.130010 -373.492891
-1356.310354 -373.362117
-1345.488271 -373.250127
-1334.669600 -373.157444
-1323.850515 -373.084674
-1313.027476 -373.032053
-1302.201353 -372.999834
-1291.376191 -372.987826
-1280.551771 -372.996108
-1269.731737 -373.024249
-1258.914084 -373.072084
-1248.099281 -373.139468
-1237.283922 -373.227083
-1226.469558 -373.334846
-1215.650985 -373.462946
-1204.833206 -373.611658
-1194.021786 -373.782256
-1183.211683 -373.975414
-1172.406278 -374.191453
-1161.608793 -374.430947
-1150.811134 -374.694387
-1140.015236 -374.981118
-1129.215555 -375.290560
-1118.420579 -375.621362
-1107.625570 -375.972988
-1096.823492 -376.345594
-1086.021862 -376.739113
-1075.225540 -377.155249
-1064.427944 -377.595457
-1053.627861 -378.060625
-1042.826133 -378.551011
-1032.028860 -379.067071
-1021.233632 -379.610148
-1010.439949 -380.181243
-999.646752 -380.780829
-988.856779 -381.410203
-978.067002 -382.070920
-967.278936 -382.764142
-956.489106 -383.490865
-945.702200 -384.252045
-934.921581 -385.049213
-924.145087 -385.885074
-913.372247 -386.761162
-902.608186 -387.679311
-891.846810 -388.641904
-881.086937 -389.650392
-870.336088 -390.706194
-859.595358 -391.810352
-848.865172 -392.964901
-816.607617 -395.888374
-757.520526 -401.897152
-816.768779 -396.738295
-806.089789 -398.109584
-795.417521 -399.540714
-768.643568 -402.609902
-741.906127 -405.986745
-725.935103 -408.384020
-752.864041 -405.892231
-742.261341 -407.646272
-715.604441 -411.407873
-699.699263 -414.084923
-710.536777 -413.334503
-699.992670 -415.379820
-684.131036 -418.244708
-652.320129 -423.736435
-641.861256 -426.177960
-658.004583 -424.349121
-631.615356 -429.459618
-600.042061 -436.111657
-626.735890 -431.942416
-616.362979 -434.644641
-606.013503 -437.436861
-590.416255 -441.378311
-580.136569 -444.402497
-575.144271 -446.377631
-554.460986 -451.976111
-539.095365 -456.653732
-528.988655 -460.176404
-503.426037 -468.210643
-493.440739 -472.093948
-504.036533 -469.864455
-494.068280 -473.753774
-484.486267 -478.628245
-469.509761 -484.370797
-459.697921 -488.625924
-434.811988 -498.440880
-420.160433 -505.010868
-415.550589 -507.798915
-420.930459 -506.699919
-416.347900 -509.519684
-406.812487 -514.352718
-397.328625 -519.290212
-368.313113 -533.037647
-344.518284 -545.488100
-316.324263 -561.303739
-345.926234 -547.871977
-341.609695 -551.092752
-332.524920 -556.755061
-318.727063 -565.025530
-281.744905 -587.042539
-268.471534 -596.233877
-264.974458 -600.508560
-274.723679 -595.607592
-270.720910 -599.199734
-257.615438 -608.523142
-244.666653 -618.079418
-231.884398 -627.862101
-201.948626 -650.684644
-193.990071 -657.901338
-207.471183 -648.787450
-212.476753 -646.341779
-204.474966 -653.440708
-196.549550 -660.629599
-188.712800 -667.902380
-168.415056 -685.440302
-136.679974 -714.523251
-129.449585 -722.468268
-134.718095 -719.943406
-143.421215 -713.367281
-136.176886 -721.237734
-129.020867 -729.190264
-121.954540 -737.223287
-96.053276 -764.462496
-89.389335 -772.860818
-82.822733 -781.331506
-65.751096 -802.066427
-62.973980 -806.673698
-67.201557 -803.102855
-60.979504 -811.823141
-68.787839 -804.228313
-62.575851 -812.931738
-56.463056 -821.704489
-37.097132 -847.380453
-31.381196 -856.431921
-38.728497 -848.419677
-29.780400 -861.736470
-2.813490 -901.770357
-16.515929 -884.936061
-11.222589 -894.218599
5.720418 -921.511111
7.760021 -926.483414
9.762024 -931.471204
17.297681 -945.644449
24.589648 -959.956214
31.636452 -974.399856
22.850715 -960.777123
35.076433 -984.590311
48.938001 -1013.631640
45.727708 -1009.142273
55.684100 -1034.009791
50.187989 -1024.643697
51.595095 -1029.827278
55.255197 -1039.869125
58.803464 -1049.953799
70.627797 -1079.862383
77.590955 -1100.159977
82.279375 -1115.555996
71.865236 -1090.664241
74.844239 -1100.944569
107.907030 -1214.563473
112.488485 -1241.143415
91.480768 -1157.450888
95.203970 -1173.084624
110.620430 -1241.315459
118.677969 -1300.135808
122.104860 -1359.448291
121.581775 -1397.217700
120.693992 -1407.968787
119.502742 -1418.600964
117.381959 -1434.620768
113.477721 -1455.830549
109.077530 -1471.047465
106.839721 -1475.810408
100.492050 -1490.406209
95.141304 -1499.549967
86.029730 -1512.623193
74.903991 -1524.794403
66.515129 -1531.598602
61.736762 -1534.280054
56.773601 -1536.643087
51.696279 -1538.699201
41.878188 -1543.190255
36.587888 -1544.526291
15.778379 -1550.861715
-11.513936 -1552.942773
-17.010692 -1552.105896
-27.833469 -1550.693461
-38.437472 -1548.324463
-54.005570 -1543.369507
-63.708506 -1538.712549
-68.213824 -1535.590759
-81.785599 -1526.562134
-93.909075 -1515.422150
-100.854290 -1506.557099
-103.451682 -1501.746533
-105.722065 -1496.804606
-110.498232 -1487.124044
-112.011769 -1481.919381
-110.769331 -1481.532199
-60.875455 -1515.913951
25.756291 -1467.241450
-34.472978 -1510.305683
-68.254055 -1503.310965
-48.415577 -1503.423763
-42.448041 -1499.481839
-33.155077 -1494.177669
-80.605160 -1483.085138
-119.419541 -1432.895460
-126.421702 -1400.925537
-130.826301 -1367.718970
-134.838260 -1345.678986
-138.812483 -1329.589687
-142.246015 -1319.200526
-148.216527 -1303.786397
-153.313609 -1293.973511
-162.027277 -1279.887427
-169.027393 -1271.353174
-176.818460 -1263.501221
-185.319257 -1256.525049
-199.017708 -1247.426422
-209.032719 -1242.919067
-219.373131 -1239.592652
-229.866863 -1237.497620
-240.509056 -1236.597870
-251.062561 -1236.962402
-261.514534 -1238.580780
-271.707092 -1241.424927
-281.778442 -1245.647675
-291.238754 -1250.975739
-300.159073 -1257.550659
-308.232155 -1265.014618
-311.457922 -1269.248682
-317.918152 -1277.701050
-323.456567 -1286.758667
-325.413015 -1291.762451
-329.449976 -1301.472982
-328.435387 -1301.858078
-266.480240 -1270.163062
-199.230283 -1339.523882
-204.402684 -1336.344673
-209.420302 -1333.540749
-214.305888 -1331.126140
-243.841292 -1300.154477
-316.086103 -1308.660839
-333.608865 -1338.770393
-338.938422 -1359.206283
-343.425934 -1391.040827
-345.532993 -1407.263928
-348.132667 -1423.518161
-353.885569 -1450.471212
-357.532999 -1460.809936
-361.934006 -1470.819376
-369.642267 -1485.512231
-376.127691 -1494.550293
-383.583258 -1503.115161
-391.595965 -1510.812525
-400.157849 -1517.595069
-409.318475 -1523.529199
-418.792163 -1528.482178
-428.453082 -1532.409155
-433.551234 -1533.633240
-448.725384 -1537.639404
-459.110498 -1538.799829
-475.148949 -1539.026612
-485.829521 -1537.592560
-496.225189 -1534.160319
-511.689362 -1528.989844
-521.193207 -1524.119385
-530.316486 -1518.368945
-538.806470 -1511.857886
-546.464502 -1504.715356
-556.930313 -1492.861358
-562.515778 -1484.119293
-564.621497 -1479.272803
-568.804077 -1469.704785
-570.128917 -1464.493917
-571.163365 -1459.250854
-567.736017 -1463.385571
-550.138275 -1482.179364
-438.191344 -1452.383782
-443.230323 -1454.306643
-448.172189 -1455.801560
-511.942249 -1484.977837
-517.984331 -1480.150387
-519.751254 -1475.857392
-521.427397 -1471.492554
-549.016977 -1451.964316
-575.422615 -1393.650764
-577.010049 -1349.382357
-577.882294 -1321.804733
-579.026672 -1310.877640
-581.230687 -1294.513201
-583.612444 -1283.709228
-588.043864 -1267.658773
-592.259674 -1257.508870
-599.779150 -1242.589160
-606.231702 -1233.315478
-613.445434 -1224.829443
-621.495080 -1217.099096
-630.255481 -1210.344458
-644.380020 -1201.712677
-654.631592 -1197.594971
-665.139038 -1194.692230
-675.815247 -1193.031433
-686.459213 -1192.584961
-691.771680 -1193.250683
-702.243738 -1194.531640
-712.467615 -1196.872876
-722.318957 -1200.223633
-731.756579 -1204.493774
-740.682324 -1209.634888
-744.857473 -1213.010213
-757.278174 -1222.596753
-760.766836 -1226.575969
-767.806020 -1234.350790
-774.218414 -1242.765462
-779.900828 -1251.691813
-784.740906 -1261.016398
-786.505031 -1266.174072
-788.016579 -1271.420441
-784.279053 -1267.403864
-659.871177 -1287.229392
-664.508574 -1284.645481
-669.101360 -1282.484175
-673.672195 -1280.747007
-717.448301 -1250.061527
-780.659842 -1281.581659
-795.867565 -1314.499672
-800.813132 -1335.632804
-804.236277 -1357.416697
-807.324493 -1379.269238
-811.309067 -1401.049469
-814.228897 -1411.832947
-819.204285 -1427.607736
-825.532389 -1442.857381
-833.645203 -1457.797363
-840.272705 -1466.851978
-847.673059 -1475.127051
-855.845325 -1482.577734
-864.774194 -1489.168774
-874.332092 -1494.773193
-884.322485 -1499.270117
-894.676599 -1502.649072
-905.241064 -1504.902612
-915.926794 -1506.029199
-926.584021 -1506.041406
-937.098999 -1504.967261
-952.467209 -1501.762390
-957.180908 -1499.695459
-966.640381 -1495.561279
-975.678223 -1490.464111
-984.199072 -1484.502954
-992.266675 -1477.558154
-1003.493317 -1465.732269
-1009.683274 -1456.797699
-1011.985730 -1451.981128
-1016.693457 -1442.317847
-1018.181234 -1437.269592
-1019.392578 -1432.200910
-1018.127733 -1431.962714
-1007.933411 -1444.203012
-969.808198 -1464.373799
-894.001274 -1415.683669
-898.971539 -1417.685137
-947.615531 -1452.849550
-969.496155 -1449.479441
-987.213817 -1439.369716
-999.486643 -1426.731060
-1015.015902 -1402.811612
-1025.441916 -1368.121223
-1027.933199 -1335.827674
-1028.957190 -1308.328650
-1030.397081 -1291.955471
-1033.389928 -1270.016881
-1035.968628 -1259.177961
-1040.663371 -1243.163879
-1045.065450 -1232.768189
-1052.928223 -1217.389429
-1059.535766 -1207.943384
-1066.951391 -1199.196900
-1071.278890 -1195.483561
-1075.846505 -1192.018747
-1080.442795 -1188.869919
-1077.648149 -1194.372104
-1078.793485 -1195.805702
-1077.100716 -1201.887367
-1081.543457 -1198.988181
-1086.073500 -1196.254415
-1087.672662 -1198.016730
-1084.267146 -1208.907298
-1078.380684 -1229.705168
-1079.118264 -1236.454516
-1088.568107 -1219.415827
-1114.560633 -1182.720851
-1135.300235 -1166.980027
-1164.251163 -1153.074154
-1184.828703 -1147.047233
-1205.775147 -1142.468816
-1221.819723 -1139.915772
-1232.653636 -1138.769836
-1238.148146 -1138.661950
-1227.864007 -1142.116770
-1136.657116 -1201.932541
-1127.541126 -1225.379675
-1168.294604 -1174.356645
-1185.375359 -1164.819872
-1182.499643 -1170.126133
-1219.249504 -1152.980199
-1282.430282 -1142.551917
-1309.720484 -1142.450079
-1337.268296 -1144.162210
-1359.329867 -1146.785132
-1370.289933 -1148.168872
-1386.742772 -1150.320408
-1408.412578 -1152.871918
-1424.557185 -1153.963146
-1424.452702 -1152.482422
-1408.063690 -1149.766791
-1336.808283 -1145.904450
-1269.698994 -1158.975103
-1279.755247 -1156.772100
-1331.425322 -1146.801525
-1423.633070 -1146.613308
-1461.364152 -1148.039229
-1471.985918 -1147.288308
-1487.961199 -1146.217477
-1514.524543 -1143.528191
-1535.653343 -1140.089043
-1556.694484 -1135.992188
-1567.350525 -1134.132481
-1583.338839 -1131.387893
-1594.118183 -1130.037823
-1604.939763 -1128.993662
-1610.390965 -1128.997794
-1605.066421 -1130.679968
-1546.772119 -1139.775818
-1449.581626 -1140.058577
-1487.487020 -1139.958276
-1557.367008 -1139.868735
-1562.665377 -1139.886893
-1589.259991 -1138.264065
-1615.734514 -1136.024902
-1636.895191 -1134.476391
-1690.326943 -1133.070345
-1722.270402 -1136.272412
-1738.004342 -1138.462141
-1748.453186 -1139.762059
-1764.102370 -1141.660964
-1779.817881 -1143.111776
-1785.108286 -1143.043560
-1769.552521 -1139.678448
-1743.068481 -1136.415912
-1631.404087 -1140.738623
-1642.002507 -1140.363748
-1652.594165 -1139.906362
-1663.173748 -1139.370410
-1763.952052 -1134.968528
-1816.611611 -1137.515288
-1848.083176 -1137.299572
-1879.691873 -1134.501616
-1900.764136 -1131.135986
-1921.833402 -1127.179922
-1932.503963 -1125.386193
-1943.233201 -1123.782950
-1954.015400 -1122.412072
-1959.609482 -1122.953987
-1954.439839 -1124.654117
-1917.537955 -1130.397287
-1811.784863 -1130.923379
-1822.462549 -1130.782449
-1939.012834 -1129.751762
-1954.994637 -1128.741514
-1960.351676 -1128.898079
-1981.647971 -1127.329734
-2013.721797 -1125.015701
-2051.603272 -1124.836850
-2073.284453 -1126.580301
-2100.189235 -1129.918361
-2105.514819 -1130.344914
-2121.517404 -1132.193647
-2142.645203 -1134.236328
-2158.552668 -1134.930486
-2147.997998 -1133.372729
-2137.393182 -1131.411910
-2088.794914 -1127.134700
-1992.608582 -1131.863494
-2003.228826 -1131.494404
-2013.847456 -1131.040742
-2083.059940 -1126.810262
-2147.532134 -1127.036145
-2184.728963 -1128.339299
-2216.328723 -1127.345807
-2237.479736 -1125.066155
-2253.317124 -1122.650613
-2274.383073 -1118.851652
-2290.178275 -1115.858555
-2300.821777 -1114.120745
-2322.186829 -1110.634857
-2333.026611 -1109.594859
-2338.535551 -1109.587759
-2333.320663 -1111.226166
-2296.375850 -1118.110327
-2173.834829 -1121.551782
-2184.564788 -1121.337129
-2275.331934 -1121.292920
-2291.316744 -1120.709742
-2317.953298 -1118.930703
-2349.846200 -1115.983037
-2381.940791 -1113.783909
-2408.971155 -1113.819879
-2436.106029 -1115.725528
-2452.306427 -1117.612236
-2473.809989 -1120.535932
-2495.057292 -1123.214305
-2505.728292 -1123.946991
-2495.178665 -1121.953835
-2484.425415 -1119.833057
-2446.462082 -1116.660379
-2376.926552 -1120.671159
-2355.622275 -1121.813545
-2366.279551 -1121.457795
-2376.940708 -1121.025134
-2387.601416 -1120.519817
-2398.253345 -1119.946199
-2408.908872 -1119.304775
-2419.564092 -1118.603574
-2430.216846 -1117.847351
-2440.869971 -1117.043901
-2451.513901 -1116.201038
-2462.158652 -1115.326262
-2472.797407 -1114.431609
-2483.445474 -1113.526619
-2526.274458 -1111.379478
-2563.856489 -1110.995424
-2595.875788 -1110.686562
-2627.723641 -1108.891854
-2643.705225 -1106.997965
-2638.456278 -1106.496962
-2627.886500 -1106.407227
-2595.895144 -1105.929436
-2590.520102 -1105.354985
-2601.263887 -1104.663784
-2612.004394 -1103.985193
-2638.799784 -1103.123805
-2708.086826 -1097.328874
-2745.399910 -1091.075498
-2766.816819 -1087.538696
-2777.597193 -1086.102994
-2783.032698 -1085.696086
-2799.183644 -1083.536036
-2809.998097 -1082.418255
-2826.222133 -1080.625902
-2837.056492 -1079.808624
-2837.132332 -1081.297630
-2837.183255 -1082.931064
-2853.378104 -1081.704028
-2869.576617 -1080.749016
-2885.780621 -1080.100638
-2902.010094 -1079.797623
-2918.250638 -1079.867755
-2934.491838 -1080.322770
-2945.258008 -1081.127873
-2961.424518 -1082.226584
-2977.539124 -1083.708252
-2988.197580 -1085.185189
-2993.268366 -1087.313839
-3014.603894 -1090.078634
-3030.486232 -1092.858538
-3035.622348 -1094.455230
-3051.391628 -1097.786778
-3061.773228 -1100.527161
-3066.809604 -1102.394923
-3071.821200 -1104.323364
-3082.081258 -1107.430188
-3092.275195 -1110.718014
-3107.615453 -1115.548466
-3127.955946 -1122.363232
-3137.855179 -1126.451032
-3142.597700 -1128.970010
-3121.694609 -1123.558809
-3100.476019 -1119.416391
-3115.646384 -1124.328447
-3156.196718 -1137.796313
-3185.735705 -1150.297751
-3209.703191 -1162.230004
-3223.634912 -1170.255142
-3227.938608 -1173.480638
-3217.931681 -1169.322196
-3202.870208 -1163.374121
-3187.526025 -1158.194269
-3216.269897 -1172.049374
-3244.193466 -1187.702602
-3266.670267 -1202.238972
-3288.428101 -1217.930706
-3296.608079 -1224.891752
-3308.914551 -1235.307070
-3320.934245 -1246.066615
-3324.519434 -1250.106851
-3332.112061 -1257.715816
-3326.783854 -1255.489575
-3326.079773 -1256.209908
-3329.459339 -1260.390292
-3328.674435 -1261.165304
-3336.055253 -1268.860495
-3351.222745 -1283.909971
-3362.016922 -1295.750218
-3368.765083 -1304.029175
-3375.370476 -1312.431442
-3388.943717 -1328.980693
-3401.894854 -1346.080580
-3410.998436 -1359.382424
-3419.724243 -1372.936965
-3411.743652 -1365.161770
-3407.539251 -1361.475862
-3403.203915 -1357.927616
-3405.515037 -1362.744501
-3426.817785 -1393.442656
-3443.167863 -1421.114417
-3450.277150 -1435.527533
-3454.509740 -1445.362919
-3456.132227 -1450.477763
-3460.100749 -1460.414653
-3461.575054 -1465.573006
-3467.503613 -1480.492204
-3475.048305 -1500.552900
-3478.132036 -1510.806715
-3481.036612 -1521.110779
-3481.996355 -1526.401561
-3481.963509 -1531.950962
-3480.974128 -1532.216725
-3458.525969 -1483.628471
-3452.120942 -1474.792991
-3484.818631 -1553.330021
-3504.863769 -1647.892780
-3507.273193 -1680.412621
-3507.914516 -1702.253156
-3508.112248 -1718.675481
-3508.273600 -1735.112834
-3508.575122 -1757.098792
-3509.722290 -1778.840271
-3511.806676 -1794.728307
-3514.023682 -1805.045009
-3518.140300 -1820.396362
-3521.915812 -1830.200582
-3526.391236 -1839.637248
-3531.599935 -1848.714457
-3540.413379 -1861.769458
-3547.316309 -1869.536914
-3551.267009 -1872.863200
-3559.024577 -1879.643738
-3563.348319 -1882.406267
-3567.767578 -1884.956940
-3568.419141 -1883.979138
-3569.222188 -1882.833964
-3563.559097 -1873.926766
-3556.987526 -1859.811431
-3548.271223 -1830.399267
-3542.614361 -1794.208631
-3539.597092 -1767.427317
-3561.423411 -1843.520654
-3584.768362 -1879.330002
-3580.784808 -1869.679143
-3572.065144 -1846.413567
-3569.544708 -1830.744977
-3575.232703 -1837.674744
-3579.414599 -1839.947611
-3571.025855 -1805.786248
-3576.396851 -1812.885232
-3652.880195 -1910.731968
-3719.678903 -1927.072152
-3703.849712 -1923.883841
-3599.822339 -1839.150359
-3622.106360 -1872.941704
-3694.476626 -1919.227702
-3699.956011 -1919.689745
-3626.599399 -1861.930479
-3633.822207 -1867.093767
-3670.534245 -1900.870049
-3648.906025 -1876.772131
-3656.784575 -1881.281482
-3664.885757 -1885.559126
-3673.210591 -1889.605532
-3681.767832 -1893.428306
-3690.547251 -1897.031624
-3699.538564 -1900.414451
-3708.739189 -1903.580203
-3718.134673 -1906.528518
-3727.716816 -1909.257312
-3737.475562 -1911.765203
-3747.402070 -1914.064627
-3757.485122 -1916.164888
-3767.712466 -1918.069236
-3778.059082 -1919.771707
-3788.516738 -1921.287424
-3799.065981 -1922.624082
-3809.693706 -1923.793879
-3820.395503 -1924.819487
-3831.159175 -1925.709795
-3841.973169 -1926.477239
-3852.828477 -1927.137451
-3863.716577 -1927.701834
-3874.637383 -1928.183091
-3885.578374 -1928.588311
-3896.539453 -1928.925808
-3907.513862 -1929.201013
-3918.506763 -1929.419824
-3929.508633 -1929.583882
-3940.520200 -1929.696226
-3951.526020 -1929.757141
-3962.532549 -1929.772651
-3973.548877 -1929.748579
-3984.567690 -1929.688301
-3995.589268 -1929.594590
-4006.612710 -1929.470464
-4017.634683 -1929.318779
-4028.654790 -1929.142358
-4039.673955 -1928.943396
-4050.694101 -1928.724453
-4061.705889 -1928.489951
-4072.705557 -1928.248486
-4083.694443 -1928.006689
-4094.676152 -1927.764968
-4105.633350 -1927.520293
-4116.577324 -1927.267700
-4127.521113 -1927.003496
-4138.448213 -1926.726526
-4149.380952 -1926.440217
-4160.323037 -1926.147776
-4171.269643 -1925.851213
-4182.198809 -1925.551316
-4253.572215 -1923.463573
-4384.308450 -1919.396384
-4416.795034 -1918.343384
-4432.997681 -1917.670471
-4449.162908 -1916.813587
-4465.282959 -1915.657886
-4481.354221 -1914.001994
-4497.296570 -1911.564743
-4512.836216 -1908.055524
-4522.971680 -1904.768363
-4537.883870 -1899.038717
-4547.354980 -1894.130778
-4560.818750 -1885.888184
-4568.968847 -1879.360987
-4576.429297 -1872.244458
-4579.555257 -1868.254761
-4582.469936 -1864.101214
-4585.186889 -1859.795273
-4587.712836 -1855.359999
-4590.052148 -1850.823670
-4592.215909 -1846.192849
-4597.191273 -1837.391868
-4598.926554 -1832.552663
-4603.060221 -1823.300385
-4604.403245 -1818.293626
-4607.788123 -1808.701923
-4610.673978 -1798.834801
-4613.078162 -1788.791204
-4598.501511 -1815.313651
-4551.557478 -1848.860418
-4489.398291 -1866.019190
-4496.690547 -1861.218962
-4503.750176 -1856.205864
-4510.579473 -1850.977236
-4517.182793 -1845.534356
-4523.563603 -1839.875522
-4538.265310 -1830.370168
-4563.834211 -1812.924302
-4588.982950 -1787.476345
-4602.914743 -1762.867791
-4612.176791 -1734.452553
-4615.574128 -1713.944214
-4618.019897 -1687.529037
-4618.758068 -1660.564401
-4618.533963 -1633.275207
-4618.584846 -1616.760318
-4619.023736 -1611.230218
-4619.530328 -1600.180420
-4620.239149 -1589.140449
-4621.169135 -1578.121460
-4622.622903 -1561.587567
-4623.751112 -1556.176391
-4624.037842 -1567.364868
-4622.535984 -1632.710768
-4608.292627 -1691.937158
-4611.236152 -1682.215681
-4614.053486 -1672.356660
-4616.752461 -1662.371763
-4619.340820 -1652.276023
-4621.817686 -1642.082998
-4629.991597 -1595.309741
-4634.970466 -1541.424264
-4639.778792 -1503.480046
-4645.039659 -1476.572225
-4647.892795 -1465.995818
-4655.002441 -1439.463353
-4665.310571 -1408.098852
-4668.902466 -1397.788812
-4672.444873 -1387.479407
-4673.979213 -1382.299764
-4677.345982 -1371.961647
-4682.477490 -1356.482837
-4689.045247 -1335.888787
-4691.732395 -1325.474928
-4695.703757 -1309.850299
-4699.164307 -1294.112221
-4700.904297 -1283.544807
-4702.365570 -1272.950485
-4703.532440 -1262.331764
-4704.401520 -1251.683769
-4704.288833 -1246.325813
-4705.202484 -1230.337837
-4705.127441 -1219.636780
-4704.845280 -1203.583325
-4703.797991 -1187.554905
-4701.955641 -1171.601121
-4700.632220 -1166.390023
-4698.519182 -1155.907802
-4696.890462 -1150.791707
-4694.235189 -1140.449032
-4692.310120 -1135.446777
-4689.114136 -1125.251938
-4682.574812 -1104.862453
-4680.083464 -1100.126017
-4682.171335 -1110.827528
-4683.442850 -1121.640763
-4686.547272 -1158.692327
-4677.394004 -1242.072660
-4676.977256 -1232.022972
-4676.352705 -1222.019089
-4675.518672 -1212.064656
-4674.466133 -1202.147174
-4674.686779 -1161.474874
-4671.962646 -1141.393149
-4667.303723 -1116.292609
-4660.584880 -1091.404880
-4651.767267 -1066.918934
-4640.890592 -1042.969299
-4628.100532 -1019.709269
-4613.623718 -997.258100
-4597.871698 -975.536150
-4584.810675 -958.502560
-4575.054769 -945.648709
-4565.447467 -932.634766
-4559.334214 -923.717917
-4553.388816 -914.676198
-4547.639045 -905.519334
-4542.089155 -896.234217
-4539.739095 -891.355218
-4534.553440 -881.894599
-4532.438143 -876.912989
-4527.631065 -867.267671
-4525.755103 -862.191565
-4523.976911 -857.085208
-4524.953486 -856.648573
-4531.538556 -865.447702
-4591.519805 -960.264663
-4587.043926 -950.660333
-4563.958110 -908.734846
-4578.092969 -931.475721
-4573.627490 -921.891190
-4569.175479 -912.310784
-4562.090581 -898.111338
-4527.468968 -838.496824
-4506.742613 -795.397880
-4499.570818 -775.313641
-4491.744028 -749.709808
-4486.622091 -728.822749
-4484.416280 -718.300873
-4480.206898 -697.197779
-4475.582314 -670.772564
-4473.522487 -660.284061
-4471.339047 -649.834193
-4469.007504 -639.430866
-4466.492624 -629.037186
-4462.691786 -613.503316
-4458.445542 -598.028116
-4453.703949 -582.650743
-4450.011841 -572.581791
-4446.061005 -562.621923
-4439.993717 -547.736619
-4435.375553 -538.091687
-4428.268136 -523.706449
-4425.291146 -519.262962
-4419.816536 -510.103037
-4416.590454 -505.829168
-4410.670776 -496.941261
-4398.714809 -479.219472
-4395.016602 -475.327592
-4384.914202 -462.914466
-4377.621128 -455.142966
-4373.578711 -451.685433
-4369.469696 -448.330484
-4368.777669 -449.103283
-4371.338518 -454.086116
-4382.630154 -472.300988
-4409.086688 -529.593599
-4419.341553 -565.147391
-4414.348633 -556.380731
-4409.215918 -547.731998
-4403.944512 -539.210181
-4398.514238 -530.804550
-4373.110709 -480.737538
-4376.358485 -491.130731
-4364.883585 -474.374333
-4346.498197 -449.713196
-4318.377678 -419.160968
-4294.171589 -398.921777
-4281.052525 -389.869310
-4263.141827 -378.257128
-4240.043351 -364.752728
-4216.337622 -352.143938
-4192.348661 -339.687574
-4178.103790 -331.791323
-4164.030664 -323.558287
-4159.607284 -320.388649
-4155.251048 -317.138424
-4150.964708 -313.810179
-4146.749499 -310.405968
-4137.963944 -304.071635
-4120.351577 -291.499190
-4112.066018 -284.557623
-4126.750946 -292.225677
-4191.737781 -330.294150
-4226.524004 -354.791840
-4218.365625 -347.985661
-4161.703344 -308.191069
-4202.027236 -334.407442
-4193.853574 -327.626520
-4185.681567 -320.845078
-4177.511811 -314.054820
-4111.682835 -268.718235
-4066.130824 -231.319442
-4047.500713 -211.832033
-4033.475469 -195.337109
-4026.767100 -186.842172
-4020.091616 -178.317956
-4010.155407 -165.452679
-4000.319952 -152.508975
-3990.497644 -139.567734
-3983.758264 -131.121228
-3963.938019 -105.784360
-3956.238118 -98.271391
-3938.224740 -78.369413
-3926.681798 -67.159112
-3922.439958 -63.899747
-3921.362613 -65.207211
-3900.836304 -48.158344
-3879.615120 -31.844602
-3866.093506 -23.153108
-3861.225391 -20.879774
-3847.228027 -13.093756
-3842.218001 -11.151621
-3827.746094 -4.290012
-3817.812901 -0.393713
-3812.666097 1.015279
-3807.490082 2.302655
-3802.302533 3.469771
-3806.852698 0.252688
-3820.601377 -8.233107
-3829.164374 -15.056646
-3888.921350 -66.398238
-3895.395820 -75.595749
-3886.938960 -70.024182
-3878.407500 -64.620329
-3869.798125 -59.387279
-3861.105215 -54.325700
-3836.445679 -36.338474
-3797.145527 -12.193726
-3759.011734 4.183550
-3733.777856 11.288482
-3707.814887 16.494581
-3681.391988 19.843170
-3660.011308 21.304657
-3638.512976 22.081687
-3616.945977 22.523712
-3600.725615 23.004333
-3589.884349 23.631747
-3579.045453 24.446780
-3568.201028 25.470739
-3557.420985 26.719485
-3552.102783 27.814427
-3541.394680 29.453451
-3536.139957 30.797090
-3525.525905 32.839456
-3520.340417 34.432859
-3525.966139 34.789886
-3658.581626 18.843865
-3648.301343 21.400890
-3494.680208 42.486724
-3447.837540 55.249452
-3432.829101 61.224974
-3418.020909 67.596545
-3403.415227 74.220317
-3393.766921 78.590259
-3384.151198 82.838657
-3398.748942 75.767242
-3423.968701 66.124716
-3434.406822 63.228077
-3429.405282 64.930971
-3419.239933 68.068334
-3424.510099 66.745740
-3492.841924 54.635188
-3472.023254 58.781849
-3435.314192 65.369224
-3368.241371 83.365995
-3373.205211 81.221865
-3440.772427 65.410505
-3430.318779 67.456614
-3419.847705 69.513091
-3409.372373 71.581485
-3398.886108 73.661871
-3388.407378 75.753718
-3377.926392 77.854907
-3367.443169 79.962758
-3356.958008 82.074026
-3346.471880 84.185162
-3335.984897 86.292407
-3325.496563 88.391859
-3315.009199 90.479222
-3304.521729 92.549916
-3294.032661 94.598438
-3283.540361 96.619181
-3273.052031 98.604860
-3262.560522 100.549492
-3252.064731 102.446024
-3241.555864 104.288646
-3231.045347 106.068211
-3220.528809 107.777804
-3209.997393 109.411974
-3199.454482 110.962876
-3188.899448 112.424467
-3178.326157 113.790720
-3167.732012 115.056441
-3157.116631 116.214077
-3146.467666 117.266846
-3135.806411 118.201161
-3125.099819 119.033330
-3114.364907 119.762959
-3103.600542 120.396127
-3092.809058 120.940059
-3081.985239 121.403027
-3071.136900 121.790365
-3060.274551 122.108929
-3049.392212 122.368170
-3038.505249 122.570161
-3027.609468 122.720087
-3016.711616 122.820874
-3005.812417 122.876377
-2994.908775 122.890645
-2983.998403 122.867137
-2973.089854 122.807902
-2962.185483 122.715659
-2951.286504 122.592056
-2940.398584 122.439912
-2929.508281 122.263660
-2918.613892 122.066147
-2907.721753 121.849770
-2896.825874 121.616233
-2885.933193 121.367098
-2875.043609 121.103492
-2864.155352 120.825992
-2853.270938 120.535539
-2842.391631 120.232962
-2831.516201 119.919571
-2820.638989 119.596650
-2809.766069 119.265487
-2798.897446 118.926563
-2788.030776 118.580077
-2777.168823 118.226255
-2766.311450 117.865464
-2755.451616 117.498059
-2744.595523 117.124966
-2733.735845 116.746656
-2722.877949 116.364024
-2712.022515 115.977410
-2701.170645 115.586984
-2690.319429 115.193214
-2679.468716 114.796594
-2668.622788 114.397364
-2657.777222 113.995687
-2646.928408 113.591996
-2636.082827 113.186745
-2625.240625 112.779783
-2614.398779 112.370642
-2603.560884 111.959418
-2592.719351 111.545805
-2581.884395 111.130060
-2571.049111 110.712081
-2560.212515 110.292296
-2549.376245 109.871141
-2538.545127 109.449022
-2527.715298 109.025724
-2516.886611 108.601373
-2506.053667 108.176353
-2495.218662 107.751060
-2484.381050 107.325383
-2473.542905 106.899158
-2462.705474 106.472400
-2451.866406 106.045080
-2441.030122 105.617231
-2430.196353 105.188711
-2419.359443 104.759134
-2408.527549 104.328450
-2397.693911 103.896386
-2386.861001 103.463297
-2376.035996 103.029476
-2365.210342 102.594634
-2354.390103 102.159165
-2343.573760 101.722963
-2332.753999 101.285855
-2321.936875 100.848471
-2311.115066 100.410741
-2300.297002 99.972688
-2289.479114 99.533690
-2278.664033 99.093581
-2267.847754 98.652290
-2257.031509 98.210093
-2246.217647 97.767130
-2235.400774 97.323409
-2224.577705 96.879172
-2213.761135 96.434790
-2202.942525 95.989646
-2192.127678 95.543603
-2181.313025 95.096189
-2170.497048 94.647385
-2159.681816 94.197315
-2148.867730 93.746192
-2138.049114 93.294325
-2127.231057 92.842300
-2116.413428 92.389950
-2105.598030 91.937079
-2094.785276 91.483781
-2083.968118 91.030106
-2073.153159 90.576689
-2062.330042 90.123407
-2051.508147 89.670620
-2040.689141 89.218154
-2029.868330 88.765808
-2019.051238 88.313797
-2008.234836 87.861828
-1997.419553 87.409560
-1986.608023 86.956809
-1975.792239 86.503385
-1964.976755 86.049414
-1954.165315 85.594546
-1943.359302 85.138723
-1932.547087 84.682468
-1921.730708 84.226634
-1910.917913 83.771046
-1900.109006 83.315009
-1889.297649 82.858074
-1878.484795 82.400581
-1867.675530 81.943229
-1856.871501 81.486231
-1846.068845 81.029498
-1835.265334 80.573371
-1824.461243 80.118008
-1813.657678 79.663238
-1802.848437 79.208790
-1792.043176 78.755003
-1781.238879 78.301314
-1770.439844 77.847392
-1759.637373 77.393017
-1748.834761 76.938720
-1738.033525 76.484582
-1727.231052 76.030331
-1716.425552 75.575789
-1705.619783 75.121043
-1694.817346 74.665951
-1684.016470 74.209963
-1673.217429 73.753083
-1662.417451 73.295526
-1651.618730 72.837692
-1640.815598 72.379579
-1630.013293 71.921508
-1619.211545 71.463329
-1608.409827 71.004523
-1597.611340 70.544502
-1586.814570 70.083110
-1576.018669 69.620817
-1565.216162 69.157915
-1554.390776 68.693583
-1543.558086 68.225943
-1381.484575 61.308334
-1338.087708 59.275265
-1316.336269 58.110854
-1305.407113 57.337831
-1278.120628 55.402882
-1256.202054 53.193013
-1245.387207 51.400783
-1224.200509 47.242369
-1214.025199 44.139920
-1204.123308 40.508225
-1205.182784 38.902451
-1231.937019 43.339557
-1393.263525 56.677511
-1355.942285 53.268989
-1223.062861 37.372861
-1192.655708 28.516449
-1178.326847 22.181795
-1164.331551 15.009565
-1150.771688 7.082903
-1133.231943 -4.448320
-1120.193014 -13.546554
-1102.623389 -25.647975
-1089.193102 -33.748963
-1075.245514 -41.077310
-1060.725028 -47.469857
-1045.514679 -52.675887
-1029.766479 -56.308296
-1018.957458 -57.384606
-1008.048266 -57.451061
-997.186426 -56.469021
-986.486755 -54.391564
-981.299164 -52.486022
-976.320783 -50.350447
-992.703013 -50.583111
-1168.572106 8.819631
-1158.589668 7.156733
-1148.649424 5.616314
-1138.751284 4.200063
-1128.891803 2.908052
-1060.206969 -15.885791
-924.932734 -22.791207
-898.116623 -6.032285
-884.415144 2.109662
-879.432144 4.427636
-883.507130 1.194860
-892.037097 -4.850700
-925.574168 -20.291491
-998.279487 -16.083905
-1031.088884 -4.807464
-1021.332277 -5.232219
-992.634860 -10.369602
-885.203230 -5.547779
-875.082212 -1.789352
-899.878836 -10.192488
-972.364148 -6.367208
-962.515596 -6.352889
-952.623267 -6.239606
-942.681854 -6.017601
-932.683655 -5.677150
-922.631346 -5.207174
-912.512566 -4.605927
-902.332667 -3.855266
-892.111077 -2.948796
