1000.000000
1000.000000
1000.000000
1000.000000
1000.000000
1000.000000
1000.000000
1000.000000
1000.000000
1000.000000
1000.000000
1000.000000
1000.000000
1000.000000
1000.000000
1000.000000
1000.000000
1000.000000
1000.000000
802.859420
613.390449
467.770460
374.954111
309.541090
281.064907
250.082554
225.259092
204.957395
180.629784
168.014553
430.561379
374.375887
349.725008
323.340433
290.377558
268.580538
255.550011
237.324205
228.384180
220.190123
210.107818
203.137100
199.230775
195.941960
195.862772
194.055633
192.975999
199.027756
203.409888
210.892338
221.199175
234.798189
248.577979
259.428124
283.418350
303.496412
330.372077
358.417394
375.046913
399.708944
452.221669
514.329172
623.116037
689.343819
727.455609
781.126693
836.861063
904.074265
1000.000000
1000.000000
1000.000000
1000.000000
1000.000000
1000.000000
1000.000000
1000.000000
1000.000000
1000.000000
1000.000000
1000.000000
1000.000000
1000.000000
1000.000000
1000.000000
1000.000000
1000.000000
1000.000000
1000.000000
1000.000000
1000.000000
1000.000000
1000.000000
1000.000000
1000.000000
1000.000000
1000.000000
1000.000000
1000.000000
1000.000000
1000.000000
1000.000000
1000.000000
1000.000000
1000.000000
1000.000000
1000.000000
1000.000000
1000.000000
1000.000000
1000.000000
1000.000000
1000.000000
1000.000000
1000.000000
1000.000000
1000.000000
1000.000000
1000.000000
1000.000000
1000.000000
1000.000000
1000.000000
1000.000000
1000.000000
1000.000000
1000.000000
1000.000000
1000.000000
1000.000000
1000.000000
1000.000000
1000.000000
1000.000000
1000.000000
1000.000000
1000.000000
1000.000000
1000.000000
1000.000000
1000.000000
1000.000000
1000.000000
1000.000000
1000.000000
1000.000000
1000.000000
1000.000000
1000.000000
1000.000000
1000.000000
1000.000000
1000.000000
1000.000000
1000.000000
1000.000000
1000.000000
1000.000000
1000.000000
1000.000000
1000.000000
1000.000000
1000.000000
1000.000000
1000.000000
1000.000000
1000.000000
1000.000000
1000.000000
1000.000000
1000.000000
1000.000000
1000.000000
1000.000000
1000.000000
1000.000000
1000.000000
1000.000000
1000.000000
1000.000000
1000.000000
1000.000000
1000.000000
1000.000000
1000.000000
1000.000000
1000.000000
1000.000000
1000.000000
1000.000000
1000.000000
1000.000000
1000.000000
1000.000000
1000.000000
1000.000000
1000.000000
992.231063
951.920598
963.447909
941.988464
944.092736
974.384748
977.246180
991.161622
1000.000000
1000.000000
1000.000000
1000.000000
1000.000000
1000.000000
1000.000000
1000.000000
1000.000000
1000.000000
1000.000000
1000.000000
1000.000000
1000.000000
1000.000000
1000.000000
1000.000000
1000.000000
1000.000000
1000.000000
1000.000000
1000.000000
1000.000000
1000.000000
1000.000000
1000.000000
1000.000000
1000.000000
1000.000000
1000.000000
1000.000000
1000.000000
1000.000000
1000.000000
1000.000000
1000.000000
1000.000000
1000.000000
1000.000000
1000.000000
1000.000000
1000.000000
1000.000000
1000.000000
1000.000000
1000.000000
1000.000000
1000.000000
1000.000000
1000.000000
1000.000000
1000.000000
1000.000000
1000.000000
1000.000000
1000.000000
1000.000000
1000.000000
1000.000000
1000.000000
1000.000000
1000.000000
1000.000000
1000.000000
1000.000000
1000.000000
1000.000000
1000.000000
1000.000000
951.917411
781.545991
612.848629
524.503290
472.145272
410.762020
367.216438
334.350916
332.956779
297.599271
278.588164
260.940862
245.135696
230.963948
222.187304
217.089592
205.687594
202.190567
199.046953
200.873860
198.163744
193.188323
207.332122
207.016761
215.510024
229.873066
242.427286
250.911305
267.056420
288.413279
317.383077
333.669377
334.306329
361.494441
415.568659
454.140955
506.085080
575.039164
684.576433
705.586701
752.337472
811.070642
882.983440
976.565595
1000.000000
1000.000000
1000.000000
1000.000000
1000.000000
1000.000000
1000.000000
1000.000000
1000.000000
1000.000000
1000.000000
1000.000000
1000.000000
1000.000000
1000.000000
1000.000000
1000.000000
1000.000000
1000.000000
1000.000000
1000.000000
1000.000000
1000.000000
1000.000000
1000.000000
1000.000000
1000.000000
1000.000000
1000.000000
1000.000000
1000.000000
1000.000000
1000.000000
1000.000000
1000.000000
1000.000000
1000.000000
1000.000000
1000.000000
1000.000000
1000.000000
1000.000000
1000.000000
1000.000000
1000.000000
1000.000000
1000.000000
1000.000000
1000.000000
1000.000000
1000.000000
1000.000000
1000.000000
1000.000000
1000.000000
1000.000000
1000.000000
1000.000000
1000.000000
1000.000000
1000.000000
1000.000000
1000.000000
1000.000000
1000.000000
1000.000000
1000.000000
1000.000000
1000.000000
1000.000000
1000.000000
1000.000000
1000.000000
1000.000000
1000.000000
1000.000000
1000.000000
1000.000000
1000.000000
1000.000000
1000.000000
1000.000000
1000.000000
1000.000000
1000.000000
1000.000000
1000.000000
1000.000000
1000.000000
1000.000000
1000.000000
1000.000000
1000.000000
1000.000000
1000.000000
1000.000000
1000.000000
1000.000000
1000.000000
1000.000000
1000.000000
1000.000000
1000.000000
1000.000000
1000.000000
1000.000000
1000.000000
1000.000000
1000.000000
1000.000000
1000.000000
1000.000000
1000.000000
1000.000000
1000.000000
1000.000000
1000.000000
1000.000000
1000.000000
1000.000000
1000.000000
1000.000000
1000.000000
1000.000000
1000.000000
1000.000000
1000.000000
1000.000000
1000.000000
1000.000000
1000.000000
1000.000000
1000.000000
1000.000000
1000.000000
1000.000000
1000.000000
1000.000000
1000.000000
1000.000000
1000.000000
1000.000000
1000.000000
1000.000000
1000.000000
1000.000000
1000.000000
1000.000000
1000.000000
1000.000000
1000.000000
1000.000000
1000.000000
1000.000000
1000.000000
1000.000000
1000.000000
1000.000000
1000.000000
1000.000000
1000.000000
1000.000000
1000.000000
1000.000000
1000.000000
1000.000000
1000.000000
1000.000000
1000.000000
1000.000000
1000.000000
1000.000000
1000.000000
1000.000000
1000.000000
1000.000000
1000.000000
1000.000000
1000.000000
1000.000000
1000.000000
1000.000000
1000.000000
1000.000000
1000.000000
1000.000000
1000.000000
1000.000000
1000.000000
1000.000000
1000.000000
1000.000000
1000.000000
1000.000000
1000.000000
1000.000000
1000.000000
1000.000000
1000.000000
1000.000000
1000.000000
1000.000000
1000.000000
1000.000000
1000.000000
1000.000000
1000.000000
1000.000000
1000.000000
1000.000000
1000.000000
1000.000000
1000.000000
1000.000000
1000.000000
1000.000000
1000.000000
1000.000000
1000.000000
1000.000000
1000.000000
1000.000000
1000.000000
1000.000000
1000.000000
1000.000000
1000.000000
1000.000000
1000.000000
1000.000000
1000.000000
1000.000000
1000.000000
1000.000000
1000.000000
1000.000000
1000.000000
1000.000000
1000.000000
1000.000000
1000.000000
1000.000000
1000.000000
1000.000000
1000.000000
1000.000000
1000.000000
1000.000000
1000.000000
1000.000000
1000.000000
1000.000000
1000.000000
1000.000000
1000.000000
1000.000000
1000.000000
1000.000000
1000.000000
1000.000000
1000.000000
1000.000000
1000.000000
1000.000000
1000.000000
1000.000000
1000.000000
1000.000000
1000.000000
1000.000000
1000.000000
1000.000000
1000.000000
1000.000000
1000.000000
1000.000000
1000.000000
1000.000000
1000.000000
1000.000000
1000.000000
1000.000000
1000.000000
1000.000000
1000.000000
1000.000000
1000.000000
1000.000000
1000.000000
1000.000000
1000.000000
1000.000000
1000.000000
1000.000000
1000.000000
1000.000000
1000.000000
1000.000000
1000.000000
1000.000000
1000.000000
1000.000000
1000.000000
1000.000000
1000.000000
1000.000000
1000.000000
1000.000000
1000.000000
1000.000000
1000.000000
1000.000000
1000.000000
1000.000000
1000.000000
1000.000000
1000.000000
1000.000000
1000.000000
1000.000000
1000.000000
1000.000000
1000.000000
1000.000000
1000.000000
1000.000000
1000.000000
1000.000000
1000.000000
1000.000000
1000.000000
1000.000000
1000.000000
1000.000000
1000.000000
1000.000000
1000.000000
1000.000000
1000.000000
1000.000000
1000.000000
1000.000000
1000.000000
1000.000000
1000.000000
1000.000000
1000.000000
1000.000000
1000.000000
1000.000000
1000.000000
1000.000000
1000.000000
1000.000000
1000.000000
1000.000000
1000.000000
1000.000000
1000.000000
1000.000000
1000.000000
1000.000000
1000.000000
1000.000000
1000.000000
1000.000000
1000.000000
1000.000000
1000.000000
1000.000000
1000.000000
1000.000000
1000.000000
1000.000000
1000.000000
1000.000000
1000.000000
1000.000000
1000.000000
1000.000000
1000.000000
1000.000000
1000.000000
1000.000000
1000.000000
1000.000000
1000.000000
1000.000000
1000.000000
1000.000000
1000.000000
1000.000000
1000.000000
1000.000000
1000.000000
1000.000000
1000.000000
1000.000000
1000.000000
1000.000000
1000.000000
1000.000000
1000.000000
1000.000000
876.493494
733.928806
622.893094
549.234519
473.632415
420.887225
371.958367
330.796213
301.881204
262.626366
242.535590
217.729074
195.261491
180.684223
150.391846
135.177819
122.785600
111.449918
107.764758
95.509279
84.706506
76.594274
69.876565
65.575606
64.571832
65.146423
65.818858
67.593274
71.903220
75.626283
81.798985
88.620799
95.287702
105.777928
116.498296
128.868997
141.560738
156.362083
174.466884
186.715893
210.496044
234.884340
265.924403
324.266733
361.430329
462.679334
689.737902
1000.000000
1000.000000
1000.000000
1000.000000
828.602996
652.345768
593.633446
559.666442
534.308604
491.051426
443.081329
430.793281
411.427742
406.830331
410.233109
407.204704
438.100877
477.571430
520.647077
574.262292
707.123979
873.005699
1000.000000
1000.000000
1000.000000
1000.000000
1000.000000
1000.000000
1000.000000
1000.000000
1000.000000
740.698155
575.554416
463.591691
393.769667
346.640473
323.924459
327.597533
336.392492
340.900574
326.404668
335.750664
330.020664
343.581414
381.451512
385.523859
432.016656
456.161000
492.099962
542.381588
579.893068
739.899195
840.524401
945.254542
1000.000000
1000.000000
1000.000000
1000.000000
1000.000000
1000.000000
1000.000000
1000.000000
1000.000000
1000.000000
1000.000000
1000.000000
1000.000000
1000.000000
1000.000000
1000.000000
1000.000000
1000.000000
1000.000000
1000.000000
1000.000000
1000.000000
1000.000000
1000.000000
1000.000000
1000.000000
1000.000000
1000.000000
1000.000000
1000.000000
1000.000000
1000.000000
1000.000000
1000.000000
1000.000000
1000.000000
1000.000000
1000.000000
1000.000000
1000.000000
1000.000000
1000.000000
1000.000000
1000.000000
1000.000000
1000.000000
1000.000000
1000.000000
1000.000000
1000.000000
1000.000000
1000.000000
1000.000000
1000.000000
1000.000000
1000.000000
1000.000000
1000.000000
1000.000000
1000.000000
1000.000000
1000.000000
1000.000000
1000.000000
1000.000000
1000.000000
1000.000000
1000.000000
1000.000000
1000.000000
1000.000000
1000.000000
1000.000000
1000.000000
1000.000000
1000.000000
1000.000000
1000.000000
1000.000000
1000.000000
1000.000000
1000.000000
1000.000000
1000.000000
1000.000000
1000.000000
1000.000000
1000.000000
1000.000000
1000.000000
1000.000000
1000.000000
1000.000000
1000.000000
1000.000000
1000.000000
1000.000000
1000.000000
1000.000000
1000.000000
1000.000000
1000.000000
1000.000000
1000.000000
1000.000000
1000.000000
1000.000000
1000.000000
1000.000000
1000.000000
1000.000000
1000.000000
1000.000000
1000.000000
1000.000000
1000.000000
1000.000000
1000.000000
1000.000000
1000.000000
1000.000000
1000.000000
1000.000000
1000.000000
1000.000000
1000.000000
1000.000000
1000.000000
1000.000000
1000.000000
1000.000000
1000.000000
1000.000000
1000.000000
1000.000000
1000.000000
1000.000000
1000.000000
1000.000000
1000.000000
1000.000000
1000.000000
1000.000000
1000.000000
1000.000000
1000.000000
1000.000000
1000.000000
1000.000000
1000.000000
1000.000000
1000.000000
1000.000000
1000.000000
1000.000000
1000.000000
1000.000000
1000.000000
1000.000000
1000.000000
1000.000000
1000.000000
1000.000000
1000.000000
1000.000000
1000.000000
1000.000000
1000.000000
1000.000000
1000.000000
1000.000000
1000.000000
1000.000000
1000.000000
1000.000000
1000.000000
1000.000000
1000.000000
1000.000000
1000.000000
1000.000000
1000.000000
1000.000000
1000.000000
1000.000000
1000.000000
1000.000000
1000.000000
1000.000000
1000.000000
1000.000000
1000.000000
1000.000000
1000.000000
1000.000000
1000.000000
1000.000000
1000.000000
1000.000000
1000.000000
1000.000000
1000.000000
1000.000000
1000.000000
1000.000000
1000.000000
1000.000000
1000.000000
1000.000000
1000.000000
1000.000000
1000.000000
1000.000000
1000.000000
1000.000000
1000.000000
1000.000000
1000.000000
1000.000000
1000.000000
1000.000000
1000.000000
1000.000000
1000.000000
1000.000000
1000.000000
1000.000000
1000.000000
1000.000000
1000.000000
1000.000000
1000.000000
1000.000000
1000.000000
1000.000000
1000.000000
1000.000000
1000.000000
1000.000000
1000.000000
1000.000000
1000.000000
1000.000000
1000.000000
1000.000000
1000.000000
1000.000000
1000.000000
1000.000000
1000.000000
1000.000000
1000.000000
1000.000000
1000.000000
1000.000000
1000.000000
1000.000000
1000.000000
1000.000000
1000.000000
1000.000000
1000.000000
1000.000000
1000.000000
1000.000000
1000.000000
1000.000000
1000.000000
1000.000000
1000.000000
1000.000000
1000.000000
1000.000000
1000.000000
1000.000000
1000.000000
1000.000000
1000.000000
1000.000000
1000.000000
1000.000000
1000.000000
1000.000000
1000.000000
1000.000000
1000.000000
1000.000000
1000.000000
1000.000000
1000.000000
1000.000000
1000.000000
1000.000000
1000.000000
1000.000000
1000.000000
1000.000000
1000.000000
1000.000000
1000.000000
1000.000000
1000.000000
1000.000000
1000.000000
1000.000000
1000.000000
1000.000000
1000.000000
1000.000000
1000.000000
1000.000000
1000.000000
1000.000000
1000.000000
1000.000000
1000.000000
1000.000000
1000.000000
1000.000000
1000.000000
1000.000000
1000.000000
1000.000000
1000.000000
1000.000000
1000.000000
1000.000000
1000.000000
1000.000000
1000.000000
1000.000000
1000.000000
1000.000000
1000.000000
1000.000000
1000.000000
1000.000000
1000.000000
1000.000000
855.204441
730.271987
561.740603
484.508845
421.281506
367.830909
336.306407
304.721120
276.391281
238.921942
226.413467
190.592629
177.463147
156.105608
147.908027
130.541393
120.674092
105.103477
97.018584
88.175154
78.359639
69.704380
64.724871
57.591666
52.154708
47.853195
41.622996
37.108043
35.686919
32.695027
29.349586
29.387892
27.869505
28.431772
30.758947
31.724519
35.553310
42.451531
49.194278
56.887490
65.992825
67.320200
86.166658
88.924304
110.781386
120.115092
135.913143
148.283272
174.275479
194.170878
221.438864
244.958017
300.287454
350.368632
472.598541
663.076596
1000.000000
1000.000000
1000.000000
999.191678
920.255028
534.126688
392.107176
310.784356
274.190604
250.701884
243.864014
217.635225
194.848588
161.486040
156.251327
131.328109
123.583658
101.955007
99.575200
91.075268
82.582101
77.520378
77.195628
72.380394
72.801034
73.625612
71.001010
77.971604
87.177985
87.716419
93.296874
109.323861
113.818491
114.664495
138.940394
140.131184
158.781555
173.800726
192.441887
208.795765
232.235814
248.172859
269.591258
297.162153
372.221660
420.438451
482.524960
517.022823
595.791227
684.645879
786.734610
912.767437
1000.000000
1000.000000
1000.000000
1000.000000
1000.000000
1000.000000
1000.000000
1000.000000
1000.000000
1000.000000
847.699134
684.262763
598.541179
530.308454
486.958383
440.507725
413.534013
370.984984
343.766559
322.249439
271.598200
281.014012
258.177100
241.194523
234.966871
199.869504
191.062896
183.966787
177.463775
170.469808
164.497578
158.260126
154.937221
151.426092
147.735042
145.348357
141.527806
138.466551
137.638199
135.769420
135.941333
131.771764
131.832486
131.433207
132.310910
135.571444
141.576267
143.989842
148.282456
153.124759
155.941170
168.586248
173.807507
181.419681
200.120052
202.321961
215.105827
233.246572
241.460024
249.372066
263.856350
270.909158
300.929038
327.637326
352.362284
379.995217
405.550387
434.689121
467.186352
506.362945
555.932427
625.037401
724.873061
871.982255
1000.000000
1000.000000
1000.000000
1000.000000
1000.000000
1000.000000
1000.000000
1000.000000
1000.000000
849.654256
733.071689
577.901479
501.361985
432.308342
387.359394
340.729266
308.104329
284.123850
278.238024
268.655866
253.092710
243.853781
233.385949
221.380045
213.321143
207.151004
201.606697
197.106556
197.351232
201.584502
205.624404
210.146389
220.896729
226.634139
239.995045
249.003320
262.526406
269.241103
292.673041
286.588280
308.254199
307.861318
310.166183
318.762132
317.020178
312.220093
302.316653
280.344494
270.108055
257.280207
238.428876
230.163818
222.752845
210.359708
206.166255
190.805299
190.008314
174.773140
174.294032
164.735763
173.741258
171.082086
176.537105
173.642646
175.679904
185.486301
193.651029
200.029107
217.816409
229.474006
245.038121
275.838690
286.987309
327.037453
353.180375
427.977053
504.425168
566.522951
725.455266
932.984412
1000.000000
1000.000000
1000.000000
1000.000000
1000.000000
1000.000000
1000.000000
831.324882
648.641305
589.994516
613.444974
595.733004
579.208680
527.540271
455.982737
425.356187
388.243172
352.368289
331.940193
313.916682
292.561142
300.085513
291.745744
281.339401
253.105987
266.124859
261.053960
235.917995
247.841205
246.024836
243.085528
228.101049
242.261249
221.929321
218.037740
217.977567
212.921192
214.456122
209.758488
209.296951
206.445053
202.723712
203.005633
205.475800
200.701162
203.446464
199.876359
198.845200
198.205536
200.019860
197.913254
197.346296
197.010208
197.518206
200.287151
206.827389
207.209605
210.504812
215.758706
220.642642
214.812607
220.563495
227.894809
239.185248
260.564540
263.161030
272.952050
285.616205
294.351085
308.430411
325.090901
338.804005
383.616499
414.666734
452.719155
500.083331
585.604895
719.647576
932.800233
1000.000000
1000.000000
1000.000000
1000.000000
1000.000000
952.076203
730.930698
580.652048
477.852473
398.560631
332.366989
288.741484
249.124180
222.422151
205.671579
198.699594
175.165081
149.129381
141.750687
118.872984
100.644217
97.004895
86.143650
84.505776
78.008793
78.195281
69.582044
68.128766
65.236822
64.968082
66.305998
73.502533
78.472446
85.895572
94.793717
106.622856
112.693044
124.584741
144.851329
157.954959
167.620900
186.529306
202.555536
214.869401
234.833380
264.244880
292.394404
309.069487
383.349146
417.611807
470.697932
598.467555
666.766214
678.525022
728.865945
825.232869
971.509947
1000.000000
1000.000000
1000.000000
1000.000000
1000.000000
1000.000000
1000.000000
1000.000000
1000.000000
1000.000000
1000.000000
1000.000000
1000.000000
1000.000000
1000.000000
1000.000000
1000.000000
1000.000000
1000.000000
1000.000000
1000.000000
1000.000000
1000.000000
1000.000000
1000.000000
1000.000000
1000.000000
1000.000000
1000.000000
1000.000000
1000.000000
1000.000000
1000.000000
1000.000000
950.075122
773.219003
667.562576
545.902102
490.865469
408.568060
365.882974
320.951437
285.450546
265.222527
237.837028
215.144993
191.238460
176.061364
158.672176
145.786834
128.989044
111.430607
105.368705
92.700410
87.818665
76.886475
72.274890
68.461678
69.233545
68.155096
66.685008
68.741085
70.765294
75.662065
80.574194
85.968441
94.863410
99.973287
113.180533
120.461918
134.879329
145.751250
160.346799
181.197847
196.893303
215.667891
234.178769
263.782684
290.910144
328.744993
364.535380
387.495090
477.539692
533.430881
649.649391
697.549874
767.985137
819.828044
954.991899
1000.000000
1000.000000
1000.000000
1000.000000
1000.000000
1000.000000
1000.000000
1000.000000
1000.000000
1000.000000
1000.000000
1000.000000
1000.000000
1000.000000
1000.000000
1000.000000
1000.000000
1000.000000
1000.000000
1000.000000
1000.000000
1000.000000
1000.000000
1000.000000
1000.000000
1000.000000
1000.000000
1000.000000
1000.000000
1000.000000
1000.000000
1000.000000
1000.000000
1000.000000
1000.000000
1000.000000
879.679489
747.050201
619.829404
545.713555
482.710038
419.393566
376.273515
335.996911
300.217414
265.343243
233.277483
217.800744
199.054310
182.405545
165.238208
150.323696
128.696927
113.449464
102.444372
94.188076
86.793132
77.714875
73.133012
69.347649
67.215682
64.303894
65.256327
62.879776
64.479215
72.525848
75.080217
85.685071
90.990298
98.103823
107.572387
117.224079
138.488213
152.986372
166.146972
181.439617
192.724380
208.886924
225.636584
249.310740
278.904859
313.666491
337.244126
390.426125
461.297818
576.405165
654.146422
711.483323
762.866606
845.816713
918.128012
1000.000000
1000.000000
1000.000000
1000.000000
1000.000000
1000.000000
1000.000000
1000.000000
1000.000000
1000.000000
1000.000000
1000.000000
1000.000000
1000.000000
1000.000000
1000.000000
1000.000000
1000.000000
1000.000000
1000.000000
1000.000000
1000.000000
1000.000000
1000.000000
1000.000000
1000.000000
1000.000000
1000.000000
1000.000000
1000.000000
1000.000000
1000.000000
1000.000000
1000.000000
1000.000000
995.932847
809.227009
686.808155
566.922285
497.810363
432.424463
380.357406
344.563707
304.714677
281.264569
254.701372
225.636545
205.022102
185.539730
172.063243
152.094028
133.198576
125.364572
109.744342
101.946884
88.357715
82.338939
83.347499
76.096524
69.652594
66.671156
70.949531
71.594418
72.045798
75.533356
78.713943
83.282348
90.364541
96.360186
105.178026
114.907870
125.842670
139.987942
151.483267
169.006816
184.755140
197.737653
216.547301
237.811239
264.407706
284.789119
304.796589
356.017653
389.828438
455.802276
506.772054
592.386397
755.813857
806.429649
847.151983
906.007692
1000.000000
1000.000000
1000.000000
1000.000000
1000.000000
1000.000000
1000.000000
1000.000000
1000.000000
1000.000000
1000.000000
1000.000000
1000.000000
1000.000000
1000.000000
1000.000000
1000.000000
1000.000000
1000.000000
1000.000000
1000.000000
1000.000000
1000.000000
1000.000000
1000.000000
1000.000000
1000.000000
1000.000000
1000.000000
1000.000000
1000.000000
1000.000000
1000.000000
1000.000000
1000.000000
1000.000000
1000.000000
1000.000000
828.486333
687.313441
575.276676
515.477935
462.511518
406.923750
356.403851
315.673604
284.110245
253.618450
242.913851
221.705937
202.635816
179.841477
164.280851
148.608065
129.356213
119.288933
102.779802
102.157239
89.301566
82.311675
78.403921
77.844443
72.482102
73.014918
70.331384
66.442698
65.680241
76.918949
81.074517
82.412055
90.584854
100.322436
111.166421
119.681131
128.689450
142.079413
161.048929
166.494310
197.818056
210.227750
234.238833
251.139716
273.308324
299.390313
322.158603
369.068905
393.278199
487.144827
574.601684
624.137724
702.951786
781.581574
847.916901
970.228810
1000.000000
1000.000000
1000.000000
1000.000000
1000.000000
1000.000000
1000.000000
1000.000000
1000.000000
1000.000000
1000.000000
1000.000000
1000.000000
1000.000000
1000.000000
1000.000000
1000.000000
1000.000000
1000.000000
1000.000000
1000.000000
1000.000000
1000.000000
1000.000000
1000.000000
1000.000000
1000.000000
1000.000000
1000.000000
1000.000000
1000.000000
1000.000000
1000.000000
1000.000000
1000.000000
1000.000000
895.980613
723.860425
591.686136
515.294062
444.400174
395.319263
347.450569
307.130479
284.466108
255.975780
234.217716
206.944617
183.546813
171.293867
154.580220
140.647073
125.892994
109.855837
103.289218
91.281605
82.864921
81.356454
73.055360
73.152087
70.061576
68.851383
68.676339
70.222077
73.572299
75.709299
82.426263
87.628746
94.470819
103.633365
112.778689
124.939029
135.116152
147.304727
166.199091
181.831140
201.269946
216.856536
231.827706
261.778697
287.468292
322.206559
353.666024
378.253680
451.362555
496.672281
567.467196
710.304868
750.715876
889.149098
941.305749
1000.000000
1000.000000
1000.000000
1000.000000
1000.000000
1000.000000
1000.000000
1000.000000
1000.000000
1000.000000
1000.000000
1000.000000
1000.000000
1000.000000
1000.000000
1000.000000
1000.000000
1000.000000
1000.000000
1000.000000
1000.000000
1000.000000
1000.000000
1000.000000
1000.000000
1000.000000
1000.000000
1000.000000
1000.000000
1000.000000
1000.000000
1000.000000
1000.000000
1000.000000
1000.000000
1000.000000
1000.000000
808.295286
684.417930
601.854061
526.157933
452.136842
401.153253
366.992794
328.679248
306.788485
278.967315
262.521856
252.039027
243.006014
226.992558
207.611504
206.328241
204.359901
196.617680
193.309547
191.120349
192.204380
189.476510
190.154949
201.961485
207.320217
223.301767
232.828587
244.467267
253.934761
274.832970
286.338727
310.864745
355.396584
405.104254
451.082758
520.817527
607.653361
688.138660
788.176558
850.059240
866.252486
869.235477
810.730232
738.162870
667.216285
619.347667
591.235236
543.850423
505.890562
477.502277
410.781268
351.394026
353.775127
323.773992
305.393636
284.047356
265.703594
248.727230
236.462618
222.631796
219.548298
203.056124
183.922670
180.546315
169.524161
164.770052
175.605826
176.124951
179.683425
180.247662
185.541578
190.478797
198.715985
207.586084
224.067452
251.513239
260.699440
275.333630
302.617502
346.922392
363.001567
382.768595
487.262032
533.813296
579.455763
633.168806
689.356458
780.280140
894.019795
1000.000000
1000.000000
1000.000000
1000.000000
1000.000000
1000.000000
1000.000000
1000.000000
1000.000000
1000.000000
1000.000000
1000.000000
1000.000000
1000.000000
1000.000000
1000.000000
1000.000000
1000.000000
1000.000000
1000.000000
1000.000000
1000.000000
1000.000000
1000.000000
1000.000000
1000.000000
1000.000000
1000.000000
1000.000000
1000.000000
1000.000000
1000.000000
1000.000000
1000.000000
1000.000000
1000.000000
1000.000000
1000.000000
1000.000000
1000.000000
1000.000000
1000.000000
1000.000000
1000.000000
1000.000000
1000.000000
1000.000000
1000.000000
1000.000000
1000.000000
1000.000000
1000.000000
1000.000000
1000.000000
1000.000000
1000.000000
1000.000000
1000.000000
1000.000000
1000.000000
1000.000000
1000.000000
1000.000000
1000.000000
1000.000000
1000.000000
1000.000000
1000.000000
1000.000000
1000.000000
1000.000000
1000.000000
1000.000000
1000.000000
1000.000000
1000.000000
1000.000000
1000.000000
1000.000000
1000.000000
1000.000000
1000.000000
1000.000000
1000.000000
1000.000000
1000.000000
1000.000000
1000.000000
1000.000000
1000.000000
1000.000000
1000.000000
1000.000000
881.575932
784.363252
607.682672
609.326147
558.971978
519.818379
481.828993
465.740126
442.832397
417.431585
407.624200
394.713204
384.462800
370.918460
366.392700
355.786092
348.076932
342.407660
337.941067
332.941087
326.036428
324.864004
326.328327
327.415848
341.590849
362.086845
384.774828
398.462333
410.093902
455.169894
487.405670
551.335661
554.481616
664.417170
714.885489
764.551246
809.828910
866.580379
885.448074
898.837734
939.180679
1000.000000
1000.000000
1000.000000
1000.000000
1000.000000
1000.000000
1000.000000
1000.000000
1000.000000
1000.000000
1000.000000
1000.000000
1000.000000
1000.000000
1000.000000
1000.000000
1000.000000
1000.000000
1000.000000
1000.000000
1000.000000
1000.000000
1000.000000
1000.000000
1000.000000
1000.000000
1000.000000
1000.000000
1000.000000
1000.000000
1000.000000
1000.000000
1000.000000
1000.000000
1000.000000
1000.000000
1000.000000
1000.000000
1000.000000
1000.000000
1000.000000
1000.000000
1000.000000
1000.000000
1000.000000
1000.000000
1000.000000
1000.000000
1000.000000
1000.000000
1000.000000
1000.000000
1000.000000
1000.000000
1000.000000
1000.000000
1000.000000
1000.000000
1000.000000
1000.000000
1000.000000
1000.000000
1000.000000
1000.000000
1000.000000
1000.000000
1000.000000
1000.000000
1000.000000
1000.000000
1000.000000
1000.000000
1000.000000
1000.000000
1000.000000
1000.000000
1000.000000
1000.000000
1000.000000
1000.000000
1000.000000
1000.000000
1000.000000
1000.000000
1000.000000
1000.000000
1000.000000
1000.000000
1000.000000
1000.000000
1000.000000
1000.000000
1000.000000
1000.000000
1000.000000
1000.000000
1000.000000
1000.000000
1000.000000
1000.000000
1000.000000
1000.000000
1000.000000
1000.000000
1000.000000
1000.000000
1000.000000
1000.000000
1000.000000
1000.000000
1000.000000
1000.000000
1000.000000
1000.000000
1000.000000
1000.000000
1000.000000
1000.000000
1000.000000
1000.000000
1000.000000
1000.000000
1000.000000
1000.000000
1000.000000
1000.000000
1000.000000
1000.000000
1000.000000
1000.000000
1000.000000
1000.000000
1000.000000
1000.000000
1000.000000
1000.000000
1000.000000
1000.000000
1000.000000
1000.000000
1000.000000
1000.000000
1000.000000
1000.000000
1000.000000
1000.000000
1000.000000
1000.000000
1000.000000
1000.000000
1000.000000
1000.000000
1000.000000
1000.000000
1000.000000
1000.000000
1000.000000
1000.000000
1000.000000
1000.000000
1000.000000
1000.000000
1000.000000
1000.000000
1000.000000
1000.000000
1000.000000
1000.000000
1000.000000
1000.000000
1000.000000
1000.000000
1000.000000
1000.000000
1000.000000
1000.000000
1000.000000
1000.000000
1000.000000
1000.000000
1000.000000
1000.000000
1000.000000
1000.000000
1000.000000
1000.000000
1000.000000
1000.000000
1000.000000
1000.000000
1000.000000
1000.000000
1000.000000
1000.000000
1000.000000
1000.000000
1000.000000
1000.000000
1000.000000
1000.000000
1000.000000
1000.000000
1000.000000
1000.000000
1000.000000
1000.000000
1000.000000
1000.000000
1000.000000
1000.000000
1000.000000
1000.000000
1000.000000
1000.000000
1000.000000
1000.000000
1000.000000
1000.000000
1000.000000
1000.000000
1000.000000
1000.000000
1000.000000
1000.000000
1000.000000
1000.000000
1000.000000
1000.000000
1000.000000
1000.000000
1000.000000
1000.000000
1000.000000
1000.000000
1000.000000
1000.000000
1000.000000
1000.000000
1000.000000
1000.000000
1000.000000
1000.000000
1000.000000
1000.000000
1000.000000
1000.000000
1000.000000
1000.000000
1000.000000
1000.000000
1000.000000
1000.000000
1000.000000
1000.000000
1000.000000
1000.000000
1000.000000
1000.000000
1000.000000
1000.000000
1000.000000
1000.000000
1000.000000
1000.000000
1000.000000
1000.000000
1000.000000
1000.000000
1000.000000
1000.000000
1000.000000
1000.000000
1000.000000
1000.000000
1000.000000
1000.000000
1000.000000
1000.000000
1000.000000
1000.000000
1000.000000
1000.000000
1000.000000
1000.000000
1000.000000
1000.000000
1000.000000
1000.000000
1000.000000
994.273290
997.576904
998.484266
993.212058
986.263345
981.231484
984.292791
967.454809
993.062584
1000.000000
965.810710
969.661404
961.669808
977.616003
965.836808
981.694395
968.740460
966.929881
962.703265
976.797882
970.839662
961.843978
971.457788
959.696435
972.617906
935.178085
958.735374
973.075145
974.351089
962.199599
960.843896
955.025058
947.837936
952.298156
942.479534
952.663228
957.231295
950.486343
961.943650
943.098146
954.594881
940.911100
941.479421
957.271631
956.763017
960.560759
947.535285
961.588728
948.145865
951.208486
937.583163
939.603702
951.385156
950.799242
961.678911
969.190721
964.443127
964.052042
950.743512
946.144347
950.955929
965.145440
960.070740
974.397155
966.188436
969.421615
970.663516
962.634488
967.692278
974.396399
981.003154
965.617641
974.301949
967.261225
948.522787
948.729634
938.786621
960.320050
967.414684
960.627206
966.671908
955.963967
952.751573
938.528798
942.152166
946.149540
957.372975
957.598578
956.148724
968.092749
957.068632
972.289814
956.882913
920.416486
947.324653
953.066296
921.543867
904.558542
880.902371
866.760408
816.360242
768.315426
684.662680
637.232396
566.955944
549.910412
494.566357
425.992187
387.069873
359.511613
319.041565
291.116392
279.888470
236.660159
224.770264
212.048891
205.938798
184.469541
174.559629
160.626609
152.880863
141.244094
139.601021
122.574199
118.985838
120.147990
104.690262
100.003576
96.198640
89.780033
91.132476
90.376924
88.287565
1.255982
86.151029
89.495441
88.769462
91.585952
95.104409
102.687396
111.757622
120.938040
142.233679
151.090515
165.862164
190.216197
228.089560
252.971922
309.029772
374.277419
502.945030
680.408236
1000.000000
1000.000000
1000.000000
1000.000000
802.113026
544.101276
388.050815
296.450364
236.735706
195.506786
171.022979
133.011862
132.337568
108.740282
103.546214
95.834452
85.893146
79.844883
72.075429
69.090437
68.321543
68.041358
63.553232
66.964524
67.602053
72.656799
78.935525
84.924364
97.868158
107.350562
131.431985
143.752882
169.083517
213.329549
247.787008
326.320476
427.364375
608.286041
981.383870
1000.000000
1000.000000
1000.000000
980.220998
643.849139
421.285890
340.847198
249.782130
200.610040
180.583396
153.953057
137.467635
131.851543
116.106483
111.867668
102.439029
98.427255
92.161352
88.367228
82.075876
78.990949
81.725534
77.524508
76.253537
80.144405
76.726741
80.236085
86.848046
95.273611
100.544864
119.815632
125.619701
138.076937
157.879958
176.924400
211.252982
248.232445
276.285046
326.918423
486.322179
635.222005
857.016774
1000.000000
1000.000000
1000.000000
825.196665
550.819004
419.500337
334.504216
261.230441
222.992274
180.545917
163.844644
142.655508
128.177529
113.741814
104.067946
90.984542
94.113569
87.726151
83.155589
77.528029
77.116316
71.005853
67.545970
75.552689
74.797764
76.616810
77.451076
87.488340
90.894491
99.554953
108.751707
128.898028
146.338697
163.663599
182.905608
220.652696
273.458127
330.344746
438.995824
576.702111
1000.000000
1000.000000
1000.000000
1000.000000
898.822785
649.110229
443.850075
364.526890
293.710538
246.651196
209.755845
177.757567
149.635541
130.572097
118.808211
108.383019
93.689084
89.493208
88.993618
79.312336
76.625570
73.541262
77.245044
76.249688
65.981934
72.736665
69.908242
78.180198
88.418848
91.240706
99.922528
111.271010
124.777037
141.112845
161.770376
191.132782
215.956935
266.121476
326.207310
430.523671
622.213277
1000.000000
1000.000000
1000.000000
1000.000000
973.774564
897.791529
541.071012
440.056511
362.930100
306.249190
263.015059
240.682848
223.876203
198.370803
206.942060
186.987509
194.882422
198.576450
189.595838
194.007464
192.939456
192.607329
193.897643
199.674017
211.948158
203.537810
215.523634
236.204934
256.976074
276.032028
308.964582
345.925692
405.456495
465.471860
545.204261
735.487878
843.297753
1000.000000
1000.000000
1000.000000
1000.000000
1000.000000
1000.000000
1000.000000
1000.000000
1000.000000
1000.000000
1000.000000
1000.000000
1000.000000
1000.000000
1000.000000
1000.000000
1000.000000
1000.000000
1000.000000
1000.000000
1000.000000
1000.000000
1000.000000
1000.000000
1000.000000
1000.000000
1000.000000
1000.000000
1000.000000
1000.000000
1000.000000
1000.000000
1000.000000
1000.000000
1000.000000
1000.000000
1000.000000
1000.000000
1000.000000
1000.000000
1000.000000
1000.000000
1000.000000
1000.000000
1000.000000
1000.000000
1000.000000
1000.000000
1000.000000
1000.000000
1000.000000
1000.000000
1000.000000
1000.000000
1000.000000
1000.000000
1000.000000
1000.000000
1000.000000
1000.000000
1000.000000
1000.000000
1000.000000
1000.000000
1000.000000
1000.000000
1000.000000
1000.000000
1000.000000
1000.000000
1000.000000
1000.000000
1000.000000
1000.000000
1000.000000
1000.000000
1000.000000
1000.000000
1000.000000
1000.000000
1000.000000
1000.000000
1000.000000
1000.000000
1000.000000
1000.000000
1000.000000
1000.000000
1000.000000
1000.000000
1000.000000
1000.000000
1000.000000
1000.000000
1000.000000
1000.000000
1000.000000
1000.000000
1000.000000
1000.000000
1000.000000
1000.000000
1000.000000
1000.000000
1000.000000
1000.000000
1000.000000
1000.000000
1000.000000
1000.000000
1000.000000
1000.000000
1000.000000
1000.000000
1000.000000
1000.000000
1000.000000
1000.000000
961.898590
840.206631
764.240900
820.907845
810.093697
870.750310
958.896756
1000.000000
1000.000000
1000.000000
1000.000000
1000.000000
1000.000000
1000.000000
1000.000000
1000.000000
1000.000000
1000.000000
1000.000000
1000.000000
1000.000000
1000.000000
1000.000000
1000.000000
1000.000000
964.060113
881.916171
863.184582
811.082712
785.656332
751.361764
725.952981
717.399437
699.673275
698.178927
682.049079
676.792054
679.874261
673.282581
671.780940
662.552857
657.131409
650.342696
639.471702
626.355961
621.463001
605.368510
602.970529
602.129064
596.478629
596.268114
597.626421
609.844074
592.391838
600.209317
591.695660
610.081465
613.958704
609.397098
610.774832
599.976943
589.810452
587.992250
579.792260
594.147327
599.208122
596.786099
602.459402
600.525232
602.954496
593.003264
591.991778
591.379472
584.043895
582.834175
583.347266
583.177150
585.988943
591.871147
588.837127
595.884860
596.993597
609.438252
601.095994
605.206330
595.865142
607.254055
593.886925
589.466967
589.098763
590.541341
592.133732
601.293047
599.719564
614.387909
607.934746
594.420275
593.396688
593.415573
601.872798
597.392054
607.484021
611.211325
607.143322
614.655634
611.817889
614.452262
615.668210
616.048180
606.176612
628.696715
685.681219
765.658964
853.751366
999.037890
1000.000000
1000.000000
1000.000000
1000.000000
1000.000000
1000.000000
1000.000000
1000.000000
835.967213
666.622319
585.984433
478.453215
411.057118
369.351465
327.635736
299.902114
266.771132
246.892657
227.009513
216.598406
200.360714
192.660537
180.729986
178.417908
173.114887
170.526358
175.206871
181.467913
186.374796
195.542037
203.513350
212.667954
217.408292
231.119632
246.061145
266.161088
274.831122
321.273358
362.054393
399.770209
480.100111
519.967732
574.064277
662.532075
757.077688
872.263307
950.727151
1000.000000
1000.000000
1000.000000
1000.000000
1000.000000
1000.000000
1000.000000
1000.000000
1000.000000
1000.000000
1000.000000
1000.000000
1000.000000
1000.000000
1000.000000
1000.000000
1000.000000
1000.000000
1000.000000
1000.000000
1000.000000
1000.000000
1000.000000
1000.000000
1000.000000
1000.000000
1000.000000
1000.000000
1000.000000
1000.000000
1000.000000
1000.000000
1000.000000
1000.000000
1000.000000
1000.000000
1000.000000
1000.000000
1000.000000
1000.000000
1000.000000
1000.000000
1000.000000
1000.000000
1000.000000
1000.000000
1000.000000
1000.000000
1000.000000
1000.000000
1000.000000
1000.000000
1000.000000
1000.000000
1000.000000
843.303017
680.415403
593.771316
507.755307
471.481307
412.537614
368.816786
339.817872
306.140183
281.094073
261.704739
245.895986
227.726913
216.455151
202.882116
192.813174
184.231009
180.988208
164.608520
163.751664
159.633516
165.695424
154.248720
167.472504
175.901297
184.241479
197.963741
211.092310
223.730147
247.236313
278.453418
299.250000
344.327391
386.177966
482.663892
577.529110
722.241870
975.166913
1000.000000
1000.000000
1000.000000
1000.000000
1000.000000
1000.000000
1000.000000
1000.000000
1000.000000
983.636501
865.222760
818.421592
801.534025
778.949120
788.577419
818.665477
864.134009
932.354349
1000.000000
1000.000000
1000.000000
1000.000000
1000.000000
1000.000000
1000.000000
1000.000000
1000.000000
1000.000000
1000.000000
1000.000000
1000.000000
1000.000000
843.965421
723.922115
623.600271
557.058365
497.022181
456.045926
438.987938
419.970751
397.630751
386.892651
370.595074
360.392418
348.487163
339.224937
339.565757
334.730401
329.456022
329.820808
337.093609
338.155249
345.262725
351.608281
370.339228
382.199000
409.429244
436.013848
464.977223
506.385232
553.530904
616.331870
676.765882
773.486554
890.977906
1000.000000
1000.000000
1000.000000
1000.000000
1000.000000
1000.000000
1000.000000
1000.000000
1000.000000
1000.000000
891.248936
759.724571
667.685135
612.028991
585.178613
528.975874
545.163229
552.618586
552.662113
577.371644
585.281288
608.281595
647.213258
690.681800
744.484864
816.141848
918.124952
1000.000000
1000.000000
1000.000000
1000.000000
1000.000000
1000.000000
1000.000000
1000.000000
1000.000000
1000.000000
1000.000000
973.693124
808.369945
701.497471
607.603010
540.247962
491.456568
463.606277
417.484765
419.367675
402.214815
394.625598
378.546951
370.661327
355.060773
347.021760
341.104403
340.901530
341.183611
347.008324
354.236320
362.749518
386.215115
393.657922
423.381102
452.467546
477.482008
517.242416
565.842532
627.906986
707.136334
806.211993
942.491076
1000.000000
1000.000000
1000.000000
1000.000000
1000.000000
1000.000000
1000.000000
1000.000000
1000.000000
1000.000000
835.932215
730.834540
634.496688
590.056089
595.481306
590.569038
605.172002
599.777003
615.707768
638.481729
632.446748
693.417089
731.764090
806.436125
888.046884
994.229707
1000.000000
1000.000000
1000.000000
1000.000000
1000.000000
1000.000000
1000.000000
1000.000000
1000.000000
1000.000000
1000.000000
909.253322
768.300262
672.865659
597.786676
529.837655
476.417067
434.681517
429.141801
405.321994
414.194493
382.279990
377.870505
360.264062
352.338208
346.592704
342.537282
353.581427
350.136015
359.913890
355.932711
374.342443
390.519363
412.405243
425.426206
482.192608
501.152953
549.212895
617.959892
705.566655
816.089135
948.356186
1000.000000
1000.000000
1000.000000
1000.000000
1000.000000
1000.000000
1000.000000
1000.000000
1000.000000
1000.000000
886.061760
815.486852
683.499999
724.075737
696.056300
737.088060
753.255853
827.693840
848.841498
980.805813
1000.000000
1000.000000
1000.000000
1000.000000
1000.000000
1000.000000
1000.000000
1000.000000
1000.000000
1000.000000
1000.000000
1000.000000
1000.000000
1000.000000
1000.000000
1000.000000
942.974262
855.089201
786.650613
726.138917
669.901968
668.140949
607.487515
680.039115
692.445455
746.095025
814.881669
902.489075
979.347476
1000.000000
1000.000000
1000.000000
1000.000000
1000.000000
1000.000000
1000.000000
1000.000000
1000.000000
1000.000000
1000.000000
1000.000000
1000.000000
1000.000000
1000.000000
1000.000000
1000.000000
1000.000000
1000.000000
1000.000000
1000.000000
1000.000000
1000.000000
1000.000000
1000.000000
1000.000000
1000.000000
1000.000000
1000.000000
1000.000000
1000.000000
1000.000000
1000.000000
1000.000000
1000.000000
1000.000000
1000.000000
1000.000000
1000.000000
1000.000000
1000.000000
1000.000000
1000.000000
1000.000000
1000.000000
1000.000000
1000.000000
1000.000000
1000.000000
1000.000000
1000.000000
1000.000000
1000.000000
1000.000000
1000.000000
1000.000000
1000.000000
1000.000000
1000.000000
1000.000000
1000.000000
1000.000000
1000.000000
1000.000000
1000.000000
1000.000000
1000.000000
1000.000000
1000.000000
1000.000000
1000.000000
1000.000000
1000.000000
1000.000000
1000.000000
1000.000000
1000.000000
1000.000000
1000.000000
1000.000000
1000.000000
1000.000000
1000.000000
1000.000000
1000.000000
1000.000000
1000.000000
1000.000000
1000.000000
1000.000000
1000.000000
1000.000000
1000.000000
1000.000000
1000.000000
1000.000000
1000.000000
1000.000000
1000.000000
1000.000000
1000.000000
1000.000000
1000.000000
1000.000000
1000.000000
1000.000000
1000.000000
1000.000000
1000.000000
1000.000000
1000.000000
1000.000000
1000.000000
1000.000000
1000.000000
1000.000000
1000.000000
1000.000000
1000.000000
1000.000000
1000.000000
1000.000000
1000.000000
1000.000000
1000.000000
1000.000000
1000.000000
1000.000000
1000.000000
1000.000000
1000.000000
1000.000000
1000.000000
1000.000000
1000.000000
1000.000000
1000.000000
1000.000000
1000.000000
1000.000000
1000.000000
1000.000000
1000.000000
1000.000000
1000.000000
1000.000000
1000.000000
1000.000000
1000.000000
1000.000000
1000.000000
1000.000000
1000.000000
1000.000000
1000.000000
1000.000000
1000.000000
1000.000000
1000.000000
1000.000000
1000.000000
1000.000000
1000.000000
1000.000000
1000.000000
1000.000000
1000.000000
1000.000000
931.708922
794.887673
688.584288
598.878162
564.015697
488.471604
461.459810
509.378899
526.871880
549.901971
571.241959
600.197620
637.768749
678.575719
752.462900
865.873087
1000.000000
1000.000000
1000.000000
1000.000000
1000.000000
1000.000000
1000.000000
890.026637
631.001192
512.641617
468.909199
384.832103
333.773116
499.853663
311.433764
224.179758
175.876224
174.810229
175.870204
177.029070
183.480884
201.057335
230.861686
309.473866
542.801353
1000.000000
627.868045
413.088656
344.397159
287.060867
282.040500
351.802492
566.720141
759.796425
782.625207
742.930614
1000.000000
1000.000000
1000.000000
1000.000000
1000.000000
