30.107898 -0.018275
60.674040 -0.066239
91.237139 -0.084301
121.546622 -0.136863
151.770639 -0.261446
197.178067 -0.448104
227.402917 -0.577823
257.718590 -0.724530
288.003201 -0.955736
318.298620 -1.586832
348.447334 -3.354731
407.558794 -11.619733
465.974059 -23.596851
523.966019 -32.966943
580.673464 -37.063006
637.305874 -36.233681
695.312908 -28.302368
724.729055 -22.332394
754.190266 -16.140104
783.743091 -10.830638
813.573992 -7.156289
843.720265 -5.330398
874.063924 -5.077234
904.395605 -5.971799
934.761830 -7.662768
965.105775 -9.859543
995.482699 -12.292434
1025.782480 -14.687095
1055.997342 -16.787243
1086.236207 -18.293768
1116.500071 -18.977295
1146.731224 -18.790380
1176.999473 -17.903062
1207.287643 -16.884073
1265.964578 -18.927633
1317.274608 -31.834011
1358.466635 -58.042101
1388.059029 -98.236746
1404.496319 -151.153605
1408.890517 -210.808256
1408.509220 -241.121550
1407.114407 -271.443603
1405.148444 -301.767951
1402.965747 -332.097237
1400.872363 -362.368348
1399.177224 -392.664782
1398.144062 -422.907112
1397.888916 -453.119482
1398.330161 -483.335543
1399.343312 -513.561679
1400.780526 -543.832974
1402.475393 -574.157655
1404.213446 -604.457216
1405.777703 -634.759665
1406.984489 -665.078502
1407.647478 -695.409357
1407.626710 -725.705268
1406.822043 -756.094203
1405.200641 -786.500064
1402.793800 -816.812785
1399.667475 -847.091808
1395.935689 -877.281716
1391.762815 -907.419524
1387.349416 -937.606793
1382.925589 -967.784927
1378.744752 -997.875338
1375.111786 -1027.975676
1372.323801 -1058.042370
1370.582526 -1088.095939
1369.917140 -1118.189955
1370.197988 -1148.302630
1371.242125 -1178.484812
1372.864659 -1208.727363
1374.851634 -1238.913490
1376.950179 -1269.097869
1378.933610 -1299.290356
1380.571186 -1329.575302
1381.708129 -1359.912845
1382.300196 -1390.227821
1382.384650 -1420.633637
1382.096887 -1451.039872
1381.556762 -1481.486355
1380.693316 -1511.950655
1378.967300 -1542.317733
1369.185401 -1600.318402
1348.230642 -1649.870880
1315.503553 -1688.599172
1271.101755 -1715.369914
1215.985829 -1729.773254
1155.923570 -1734.471370
1125.590204 -1734.965865
1095.229994 -1734.742006
1064.910936 -1734.038232
1034.527849 -1733.010931
1004.150744 -1731.763291
973.771156 -1730.351757
943.484613 -1728.828880
913.177262 -1727.222969
882.951593 -1725.571442
852.793151 -1723.899471
822.545922 -1722.217677
792.295891 -1720.546166
762.047632 -1718.885481
731.797990 -1717.240527
701.540290 -1715.606056
671.303474 -1713.988885
641.052057 -1712.394320
610.824213 -1710.820495
580.599663 -1709.260281
550.375363 -1707.695371
520.235108 -1706.120508
490.091929 -1704.523628
459.957481 -1702.913311
429.898374 -1701.305154
399.759369 -1699.693759
369.610118 -1698.090683
339.469865 -1696.491605
309.313954 -1694.894413
279.153287 -1693.300083
248.996084 -1691.716599
218.798784 -1690.139683
188.605027 -1688.561172
158.401166 -1686.977632
128.212078 -1685.375990
98.100996 -1683.759726
67.980875 -1682.119986
37.769895 -1680.457105
7.565775 -1678.784842
-22.711302 -1677.097862
-52.980128 -1675.407234
-83.297831 -1673.704210
-113.604260 -1671.985400
-143.914519 -1670.233812
-174.218260 -1668.450836
-204.532517 -1666.651310
-234.923221 -1664.848471
-265.237443 -1663.068320
-295.560457 -1661.301405
-325.803241 -1659.553462
-356.056640 -1657.822294
-386.315468 -1656.118756
-416.599581 -1654.457776
-446.963819 -1652.838084
-477.350404 -1651.254785
-507.717444 -1649.691336
-538.083257 -1648.126647
-568.436575 -1646.535708
-598.855488 -1644.895151
-629.358842 -1643.191803
-659.939290 -1641.407937
-690.424152 -1639.555732
-720.974007 -1637.622253
-751.425242 -1635.629737
-781.876088 -1633.592961
-812.329804 -1631.528124
-842.703963 -1629.453862
-873.078083 -1627.370128
-903.378456 -1625.304651
-933.684691 -1623.258237
-963.898331 -1621.240852
-994.119786 -1619.245636
-1024.343897 -1617.272802
-1054.576325 -1615.320815
-1084.798695 -1613.373556
-1115.043924 -1611.414898
-1145.316355 -1609.432569
-1175.588103 -1607.432169
-1205.856842 -1605.404346
-1236.115830 -1603.343315
-1266.377203 -1601.257898
-1296.711265 -1599.138958
-1327.044255 -1596.995579
-1357.374427 -1594.827580
-1387.785150 -1592.632422
-1418.181421 -1590.420972
-1448.531391 -1588.192343
-1478.895220 -1585.941181
-1509.281437 -1583.579746
-1539.580478 -1580.675309
-1569.422323 -1576.353709
-1622.449130 -1560.076181
-1655.211866 -1536.983414
-1659.146343 -1500.405910
-1631.640453 -1476.575729
-1584.102136 -1453.535401
-1530.351367 -1431.995565
-1478.008733 -1407.761829
-1425.861824 -1382.490985
-1373.624067 -1358.105181
-1319.529561 -1340.345739
-1261.260429 -1332.738353
-1231.040420 -1332.298412
-1200.657935 -1333.167975
-1170.269097 -1334.887995
-1139.921956 -1337.188298
-1109.617829 -1339.853590
-1079.334764 -1342.742862
-1049.152965 -1345.769746
-1019.061238 -1348.904445
-988.971632 -1352.118950
-958.940658 -1355.375663
-928.886133 -1358.672841
-898.851404 -1361.992794
-868.838003 -1365.328064
-838.817869 -1368.665287
-808.787833 -1372.001920
-778.699461 -1375.350022
-748.599109 -1378.694560
-718.482396 -1382.037812
-688.355985 -1385.371869
-658.243272 -1388.714603
-628.139679 -1392.091057
-598.018054 -1395.491951
-567.904819 -1398.905573
-537.766135 -1402.319252
-507.553218 -1405.731271
-477.330155 -1409.135305
-447.112461 -1412.525018
-416.907401 -1415.892924
-386.693166 -1419.245258
-356.394686 -1422.594648
-326.072714 -1425.921572
-295.768809 -1429.229516
-265.463270 -1432.533315
-235.175018 -1435.847095
-204.893325 -1439.193793
-174.701066 -1442.572448
-144.437539 -1446.005900
-114.151785 -1449.483043
-83.878390 -1452.998832
-53.703482 -1456.530613
-23.616606 -1460.067477
6.553235 -1463.623078
36.741110 -1467.183003
66.919737 -1470.758099
97.030971 -1474.325093
127.141949 -1477.870060
157.258143 -1481.400607
187.350673 -1484.925592
217.518664 -1488.463956
247.686935 -1492.004851
277.857230 -1495.553038
308.029095 -1499.112471
338.184478 -1502.684040
368.338768 -1506.264890
398.482437 -1509.852295
428.702388 -1513.460815
458.836851 -1517.067211
489.049226 -1520.695229
519.175158 -1524.328925
549.385122 -1527.986473
579.590305 -1531.649957
609.713220 -1535.308575
639.822766 -1538.972341
669.940248 -1542.651834
700.072263 -1546.354556
730.138576 -1550.054348
760.216060 -1553.742996
790.294021 -1557.423031
820.394436 -1561.113589
850.502234 -1564.814677
880.629150 -1568.534327
910.764006 -1572.264820
940.895894 -1576.000592
971.084505 -1579.764463
1001.318298 -1583.484256
1031.588075 -1586.737302
1061.792660 -1588.736962
1119.514879 -1585.479211
1166.084842 -1569.157367
1191.655061 -1544.557237
1179.052656 -1512.826290
1134.462054 -1534.238826
1100.806989 -1574.675888
1067.340016 -1616.215315
1037.827229 -1638.446395
999.865925 -1627.647868
979.484645 -1590.810194
968.493698 -1535.746314
965.779113 -1505.636098
957.122490 -1446.941449
939.266147 -1394.255189
909.600638 -1353.652402
869.262948 -1331.170043
824.325404 -1330.906793
782.036376 -1352.527331
747.832653 -1392.453251
724.143797 -1444.639183
707.715616 -1502.431356
688.320155 -1557.237161
660.607072 -1602.861952
622.884183 -1636.303964
575.757743 -1652.903391
526.526509 -1646.914415
485.178797 -1621.418703
455.588181 -1581.313263
436.669103 -1529.013889
423.828152 -1470.348504
407.843544 -1413.691509
382.338453 -1363.959433
344.888166 -1325.712585
297.550039 -1303.718770
246.019883 -1301.093873
197.377116 -1318.106085
156.787901 -1352.172331
126.319850 -1398.950681
103.355770 -1453.000766
78.999319 -1503.140356
52.844126 -1533.997231
17.156621 -1535.410060
-3.845586 -1506.082125
-16.783977 -1455.392781
-17.846256 -1395.082225
-16.462938 -1364.654602
-14.636322 -1334.179211
-12.111745 -1303.709154
-9.125216 -1273.271220
-6.184553 -1242.847379
-4.095771 -1212.546986
-6.126779 -1153.955685
-20.629534 -1104.766080
-46.105677 -1074.607912
-78.641896 -1067.250961
-114.265052 -1083.713342
-145.935581 -1122.116387
-167.896840 -1175.201765
-181.442370 -1233.484511
-186.288704 -1263.256782
-190.387196 -1293.168999
-193.929253 -1323.185641
-197.172597 -1353.258363
-200.646701 -1383.280093
-212.297723 -1441.006681
-233.229288 -1484.739071
-256.445098 -1504.714107
-290.832368 -1488.968764
-309.190198 -1448.703671
-316.327874 -1391.334483
-315.943355 -1360.839305
-314.636905 -1330.313505
-312.640710 -1299.872655
-309.878794 -1269.416954
-306.692172 -1239.049414
-303.543075 -1208.637048
-301.278737 -1178.353758
-303.027073 -1119.805465
-317.425334 -1070.521816
-342.898257 -1040.104587
-375.638524 -1032.454482
-411.530191 -1048.608468
-443.483023 -1086.692228
-465.615266 -1139.489648
-479.389965 -1197.732976
-484.379085 -1227.479661
-488.641769 -1257.304526
-492.402595 -1287.235032
-495.885153 -1317.237389
-499.601389 -1347.264650
-504.486420 -1376.962690
-521.345196 -1430.210686
-544.293195 -1463.261786
-579.531436 -1467.684936
-600.753893 -1440.209421
-614.460959 -1390.664130
-616.447064 -1330.625818
-615.387154 -1300.262774
-613.493746 -1269.935403
-610.760854 -1239.671601
-607.573180 -1209.509727
-604.225991 -1179.420828
-601.358240 -1149.416233
-600.788952 -1090.677951
-612.229882 -1039.386202
-635.457399 -1005.631297
-666.709314 -994.261808
-702.395889 -1006.486623
-735.869487 -1041.358088
-760.323505 -1092.692681
-775.762453 -1150.487616
-781.300443 -1180.096342
-786.005128 -1209.889466
-790.101243 -1239.749132
-793.810607 -1269.728727
-797.530917 -1299.714308
-802.074549 -1329.449390
-817.623530 -1384.861112
-843.764644 -1430.563159
-880.938518 -1464.474548
-928.923990 -1485.566382
-985.564942 -1491.470924
-1039.749853 -1479.787589
-1083.859302 -1453.636470
-1115.506466 -1414.882535
-1133.922516 -1364.684252
-1139.325228 -1306.018799
-1138.510583 -1275.692355
-1136.571326 -1245.389632
-1133.767765 -1215.131218
-1130.306456 -1184.974574
-1126.448721 -1154.878010
-1122.203002 -1124.860490
-1117.510985 -1094.990952
-1112.309467 -1065.182541
-1106.637521 -1035.449880
-1100.576929 -1005.810827
-1094.191593 -976.215305
-1087.604709 -946.636456
-1080.990978 -917.009833
-1074.602383 -887.317700
-1068.672457 -857.640753
-1063.335569 -827.881148
-1058.684981 -798.010519
-1054.701617 -768.000199
-1051.014191 -737.881436
-1046.811390 -707.938974
-1034.136897 -650.376821
-1013.299714 -598.117778
-981.745771 -552.711677
-939.125387 -515.293402
-887.629275 -485.972117
-860.256011 -473.637967
-832.303754 -462.395703
-803.947699 -452.005996
-775.255900 -442.253641
-746.443587 -433.042214
-717.496652 -424.225409
-688.458922 -415.745607
-659.330784 -407.584345
-630.112609 -399.725357
-600.810268 -392.190617
-571.427570 -385.010540
-541.943583 -378.217843
-512.373228 -371.859423
-482.791530 -365.969080
-453.110941 -360.539445
-423.419455 -355.581591
-393.635040 -351.042413
-363.704174 -346.894606
-333.713895 -343.108030
-303.611650 -339.627912
-273.388240 -336.409182
-243.143949 -333.437176
-212.879682 -330.687783
-182.607983 -328.165489
-152.335674 -325.884582
-122.046994 -323.847034
-91.674464 -322.064596
-61.293117 -320.558999
-30.904008 -319.372390
-0.580453 -318.562192
29.681501 -318.146703
59.944608 -318.114289
90.204411 -318.444072
120.466078 -319.103620
150.803230 -320.066981
181.119823 -321.324478
211.327074 -322.882854
241.434854 -324.732917
271.535242 -326.860632
301.635142 -329.243456
331.721874 -331.857243
361.874931 -334.696864
392.094569 -337.770754
422.277496 -341.099756
452.337716 -344.704956
482.376878 -348.596515
512.384562 -352.759807
542.359803 -357.183711
572.368826 -361.873021
602.397967 -366.834935
632.368451 -372.077405
662.285980 -377.626790
692.072702 -383.464696
721.809248 -389.596439
751.556485 -396.082115
781.186467 -402.980120
810.685523 -410.391780
840.011531 -418.417276
869.019826 -427.128414
897.722470 -436.678346
926.047855 -447.172624
953.826652 -458.678825
981.085250 -471.316393
1007.727286 -485.141203
1058.726670 -516.429411
1083.075124 -533.968557
1106.569032 -552.764432
1129.104711 -572.735304
1150.527980 -593.768925
1170.873816 -615.832212
1190.097722 -638.864372
1224.891683 -687.637938
1240.403708 -713.380061
1254.568989 -739.864320
1278.595676 -794.741141
1296.833674 -851.785583
1303.735682 -881.015682
1309.132142 -910.580312
1312.997633 -940.478572
1315.326491 -970.515696
1316.023971 -1000.577250
1314.795480 -1030.556443
1303.688251 -1086.956272
1281.663682 -1127.150446
1250.417893 -1142.238436
1227.001263 -1123.307664
1198.496712 -1087.686674
1169.977794 -1053.465661
1139.201005 -1039.500395
1098.971971 -1046.413511
1052.692543 -1063.923693
1014.505071 -1076.024831
973.470849 -1061.361378
944.995153 -1027.497063
915.166409 -988.558665
885.247864 -965.734866
848.219564 -965.530279
803.910168 -982.533034
760.478804 -1000.480392
728.882976 -1005.715882
701.708029 -990.348336
672.271624 -955.991595
642.284582 -910.524018
607.901805 -869.920788
561.077318 -840.826004
506.191410 -819.963165
477.496816 -811.203043
448.422452 -803.244068
418.970249 -796.326410
389.363229 -790.390233
359.715755 -784.875670
330.153171 -778.987849
300.761722 -772.183418
271.605718 -764.598299
242.501741 -756.882982
213.276776 -749.657187
183.844877 -743.293556
154.265759 -737.723369
124.714573 -732.251045
95.275212 -726.051175
66.068883 -718.881486
37.041349 -711.123536
8.022569 -703.436472
-21.238652 -696.382633
-50.683316 -690.199260
-80.210217 -684.580126
-109.793729 -678.743556
-139.246057 -672.106982
-168.528851 -664.666023
-197.674461 -656.846028
-226.814732 -648.971944
-256.006620 -641.125702
-285.221335 -633.245979
-314.292941 -625.108502
-343.326832 -616.519793
-372.406779 -607.677715
-401.431240 -599.163057
-430.647529 -591.603580
-489.585109 -581.108011
-549.071838 -578.434176
-608.239504 -584.508293
-665.794462 -599.513343
-720.304148 -623.231122
-770.590281 -655.207496
-815.432889 -694.668702
-853.688691 -740.418879
-884.568898 -791.326286
-909.511128 -845.974338
-921.728668 -873.398408
-949.659981 -923.178801
-984.149405 -962.333209
-1026.890648 -988.685343
-1078.973884 -1000.912186
-1137.593944 -999.791368
-1167.406572 -996.021287
-1197.210366 -991.114970
-1226.997257 -985.408616
-1256.689574 -979.257611
-1286.396469 -972.718986
-1316.057852 -965.901566
-1345.692390 -958.947941
-1375.264540 -951.896843
-1404.819417 -944.594664
-1434.089881 -936.480816
-1488.432247 -914.618572
-1531.186586 -883.616825
-1559.615230 -843.587871
-1574.817830 -794.370140
-1579.386531 -737.007180
-1578.322253 -676.951100
-1577.493486 -646.872453
-1576.734272 -616.801329
-1574.189303 -557.075853
-1566.275750 -499.551983
-1548.204387 -446.417220
-1519.016455 -397.395192
-1482.235647 -351.186365
-1443.448183 -305.577690
-1406.892581 -258.510298
-1373.172375 -208.922401
-1356.640191 -183.758045
-1322.096379 -135.582325
-1282.438697 -94.151775
-1235.650034 -61.127267
-1183.041785 -34.512398
-1128.342130 -10.189725
-1074.630765 15.689993
-1022.188809 44.606981
-996.096880 59.563393
-943.480187 87.248661
-889.348614 107.085361
-832.586779 116.318273
-773.422414 117.188354
-713.373963 114.777053
-683.270996 113.479748
-653.184703 112.245708
-623.092603 111.217862
-592.990177 110.410087
-562.890536 109.669184
-532.851741 108.759522
-473.112522 104.936999
-413.838728 96.020776
-384.410155 89.574435
-355.136230 82.343340
-326.032096 74.609118
-297.029189 66.526411
-268.097370 58.229977
-239.196880 49.779393
-210.233873 41.205260
-181.290441 32.567556
-152.366787 23.891303
-123.449009 15.183316
-94.540680 6.445926
-65.637972 -2.309990
-36.738876 -11.073808
-7.774165 -19.865061
21.186883 -28.664457
50.212248 -37.489654
79.155684 -46.297629
108.096470 -55.114356
137.038542 -63.928822
165.980375 -72.740115
194.922147 -81.545703
223.952217 -90.365438
